   0.0000000e+00   0.0000000e+00
   5.0744191e-08   6.8742187e-20
   1.0148838e-07   2.7496875e-19
   1.5223257e-07   6.1867968e-19
   2.0297677e-07   1.0998750e-18
   4.5669772e-07   5.5681170e-18
   7.1041868e-07   1.3473468e-17
   9.6413964e-07   2.4815929e-17
   1.2178606e-06   3.9595498e-17
   2.4864654e-06   1.6504998e-16
   3.7550702e-06   3.7643216e-16
   5.0236749e-06   6.7374205e-16
   6.2922797e-06   1.0569796e-15
   1.2635304e-05   4.2620823e-15
   1.8978328e-05   9.6153753e-15
   2.5321351e-05   1.7116857e-14
   3.1664375e-05   2.6766526e-14
   6.3379495e-05   1.0723763e-13
   9.5094615e-05   2.4141318e-13
   1.2680973e-04   4.2929299e-13
   1.5852485e-04   6.7087688e-13
   3.1710045e-04   2.6843507e-12
   4.7567605e-04   6.0403976e-12
   6.3425165e-04   1.0738994e-11
   7.9282725e-04   1.6780115e-11
   1.5857052e-03   6.7122770e-11
   2.3785832e-03   1.5102498e-10
   3.1714612e-03   2.6848377e-10
   3.9643392e-03   4.1949615e-10
   7.9287292e-03   1.6777576e-09
   1.1893119e-02   3.7744118e-09
   1.5857509e-02   6.7090861e-09
   1.9821899e-02   1.0481408e-08
   3.9643849e-02   4.1894709e-08
   5.9465798e-02   9.4193409e-08
   7.9287748e-02   1.6733108e-07
   9.9109698e-02   2.6126137e-07
   1.9821945e-01   1.0411843e-06
   2.9732920e-01   2.3340085e-06
   3.9643894e-01   4.1340163e-06
   4.9554869e-01   6.4355321e-06
   6.2802765e-01   1.0285377e-05
   7.6050660e-01   1.5007887e-05
   8.9298556e-01   2.0589859e-05
   1.0254645e+00   2.7018217e-05
   1.1830030e+00   3.5746334e-05
   1.3405416e+00   4.5631499e-05
   1.4980801e+00   5.6652441e-05
   1.6556186e+00   6.8788138e-05
   1.8453634e+00   8.4855236e-05
   2.0351081e+00   1.0247354e-04
   2.2248529e+00   1.2160776e-04
   2.4145976e+00   1.4222311e-04
   2.6173292e+00   1.6584737e-04
   2.8200609e+00   1.9108214e-04
   3.0227925e+00   2.1788687e-04
   3.2255241e+00   2.4622165e-04
   3.5057281e+00   2.8783034e-04
   3.7859321e+00   3.3218515e-04
   4.0661360e+00   3.7918652e-04
   4.3463400e+00   4.2873701e-04
   4.6569105e+00   4.8652057e-04
   4.9674810e+00   5.4719197e-04
   5.2780515e+00   6.1062759e-04
   5.5886219e+00   6.7670678e-04
   5.9485122e+00   7.5643140e-04
   6.3084025e+00   8.3936993e-04
   6.6682927e+00   9.2534941e-04
   7.0281830e+00   1.0142018e-03
   7.4843487e+00   1.1306970e-03
   7.9405144e+00   1.2512251e-03
   8.3966801e+00   1.3754773e-03
   8.8528458e+00   1.5031560e-03
   9.3252470e+00   1.6386852e-03
   9.7976481e+00   1.7772770e-03
   1.0270049e+01   1.9186385e-03
   1.0742450e+01   2.0624882e-03
   1.1317812e+01   2.2406602e-03
   1.1893173e+01   2.4216586e-03
   1.2468535e+01   2.6050418e-03
   1.3043896e+01   2.7903903e-03
   1.3642127e+01   2.9847625e-03
   1.4240357e+01   3.1804075e-03
   1.4838587e+01   3.3769263e-03
   1.5436818e+01   3.5739417e-03
   1.6145863e+01   3.8076065e-03
   1.6854907e+01   4.0409177e-03
   1.7563952e+01   4.2733611e-03
   1.8272997e+01   4.5044573e-03
   1.9013364e+01   4.7438439e-03
   1.9753731e+01   4.9808142e-03
   2.0494098e+01   5.2149409e-03
   2.1234465e+01   5.4458304e-03
   2.2096751e+01   5.7101829e-03
   2.2959037e+01   5.9691473e-03
   2.3821322e+01   6.2222673e-03
   2.4683608e+01   6.4691340e-03
   2.5708768e+01   6.7539969e-03
   2.6733928e+01   7.0289987e-03
   2.7759089e+01   7.2937045e-03
   2.8784249e+01   7.5477477e-03
   3.0016607e+01   7.8386065e-03
   3.1248965e+01   8.1132573e-03
   3.2481323e+01   8.3714404e-03
   3.3713681e+01   8.6129883e-03
   3.5215092e+01   8.8846912e-03
   3.6716503e+01   9.1316833e-03
   3.8217914e+01   9.3541996e-03
   3.9719325e+01   9.5525816e-03
   4.1584391e+01   9.7660960e-03
   4.3449457e+01   9.9442709e-03
   4.5314522e+01   1.0088459e-02
   4.7179588e+01   1.0200089e-02
   4.9570599e+01   1.0298022e-02
   5.1961610e+01   1.0348606e-02
   5.4352621e+01   1.0355545e-02
   5.6743631e+01   1.0322417e-02
   6.0009309e+01   1.0218812e-02
   6.3274986e+01   1.0056497e-02
   6.6540663e+01   9.8443887e-03
   6.9806341e+01   9.5903850e-03
   7.4241809e+01   9.1912583e-03
   7.8677277e+01   8.7461031e-03
   8.3112745e+01   8.2702361e-03
   8.7548214e+01   7.7757893e-03
   9.2423214e+01   7.2231203e-03
   9.7298214e+01   6.6724653e-03
   1.0217321e+02   6.1329274e-03
   1.0704821e+02   5.6113814e-03
   1.1192321e+02   5.1129613e-03
   1.1679821e+02   4.6411292e-03
   1.2167321e+02   4.1980214e-03
   1.2654821e+02   3.7850283e-03
   1.3142321e+02   3.4027188e-03
   1.3629821e+02   3.0505929e-03
   1.4117321e+02   2.7277873e-03
   1.4604821e+02   2.4333164e-03
   1.5092321e+02   2.1659260e-03
   1.5579821e+02   1.9238869e-03
   1.6067321e+02   1.7054793e-03
   1.6554821e+02   1.5090769e-03
   1.7042321e+02   1.3330436e-03
   1.7529821e+02   1.1756139e-03
   1.8017321e+02   1.0351409e-03
   1.8504821e+02   9.1011509e-04
   1.8753616e+02   8.5180013e-04
   1.9002411e+02   7.9694114e-04
   1.9251205e+02   7.4535953e-04
   1.9500000e+02   6.9688374e-04
