   0.0000000e+00   8.1472369e-01
   1.0000000e+00   9.0579194e-01
   2.0000000e+00   1.2698682e-01
   3.0000000e+00   9.1337586e-01
   4.0000000e+00   6.3235925e-01
   5.0000000e+00   9.7540405e-02
   6.0000000e+00   2.7849822e-01
   7.0000000e+00   5.4688152e-01
   8.0000000e+00   9.5750684e-01
   9.0000000e+00   9.6488854e-01
   1.0000000e+01   1.5761308e-01
   1.1000000e+01   9.7059278e-01
   1.2000000e+01   9.5716695e-01
   1.3000000e+01   4.8537565e-01
   1.4000000e+01   8.0028047e-01
   1.5000000e+01   1.4188634e-01
   1.6000000e+01   4.2176128e-01
   1.7000000e+01   9.1573553e-01
   1.8000000e+01   7.9220733e-01
   1.9000000e+01   9.5949243e-01
   2.0000000e+01   6.5574070e-01
   2.1000000e+01   3.5711679e-02
   2.2000000e+01   8.4912931e-01
   2.3000000e+01   9.3399325e-01
   2.4000000e+01   6.7873515e-01
   2.5000000e+01   7.5774013e-01
