  -4.0000000e+00   4.4517794e-02
  -3.9920000e+00   4.4375670e-02
  -3.9840000e+00   4.4229282e-02
  -3.9760000e+00   4.4078606e-02
  -3.9680000e+00   4.3923617e-02
  -3.9600000e+00   4.3764289e-02
  -3.9520000e+00   4.3600597e-02
  -3.9440000e+00   4.3432517e-02
  -3.9360000e+00   4.3260023e-02
  -3.9280000e+00   4.3083091e-02
  -3.9200000e+00   4.2901694e-02
  -3.9120000e+00   4.2715809e-02
  -3.9040000e+00   4.2525411e-02
  -3.8960000e+00   4.2330473e-02
  -3.8880000e+00   4.2130972e-02
  -3.8800000e+00   4.1926882e-02
  -3.8720000e+00   4.1718178e-02
  -3.8640000e+00   4.1504836e-02
  -3.8560000e+00   4.1286829e-02
  -3.8480000e+00   4.1064134e-02
  -3.8400000e+00   4.0836725e-02
  -3.8320000e+00   4.0604578e-02
  -3.8240000e+00   4.0367667e-02
  -3.8160000e+00   4.0125967e-02
  -3.8080000e+00   3.9879454e-02
  -3.8000000e+00   3.9628102e-02
  -3.7920000e+00   3.9371887e-02
  -3.7840000e+00   3.9110783e-02
  -3.7760000e+00   3.8844766e-02
  -3.7680000e+00   3.8573812e-02
  -3.7600000e+00   3.8297894e-02
  -3.7520000e+00   3.8016988e-02
  -3.7440000e+00   3.7731070e-02
  -3.7360000e+00   3.7440115e-02
  -3.7280000e+00   3.7144097e-02
  -3.7200000e+00   3.6842992e-02
  -3.7120000e+00   3.6536775e-02
  -3.7040000e+00   3.6225421e-02
  -3.6960000e+00   3.5908907e-02
  -3.6880000e+00   3.5587206e-02
  -3.6800000e+00   3.5260295e-02
  -3.6720000e+00   3.4928148e-02
  -3.6640000e+00   3.4590741e-02
  -3.6560000e+00   3.4248049e-02
  -3.6480000e+00   3.3900048e-02
  -3.6400000e+00   3.3546713e-02
  -3.6320000e+00   3.3188020e-02
  -3.6240000e+00   3.2823944e-02
  -3.6160000e+00   3.2454460e-02
  -3.6080000e+00   3.2079544e-02
  -3.6000000e+00   3.1699172e-02
  -3.5920000e+00   3.1313319e-02
  -3.5840000e+00   3.0921961e-02
  -3.5760000e+00   3.0525073e-02
  -3.5680000e+00   3.0122631e-02
  -3.5600000e+00   2.9714611e-02
  -3.5520000e+00   2.9300988e-02
  -3.5440000e+00   2.8881738e-02
  -3.5360000e+00   2.8456838e-02
  -3.5280000e+00   2.8026262e-02
  -3.5200000e+00   2.7589987e-02
  -3.5120000e+00   2.7147988e-02
  -3.5040000e+00   2.6700242e-02
  -3.4960000e+00   2.6246724e-02
  -3.4880000e+00   2.5787411e-02
  -3.4800000e+00   2.5322278e-02
  -3.4720000e+00   2.4851301e-02
  -3.4640000e+00   2.4374457e-02
  -3.4560000e+00   2.3891722e-02
  -3.4480000e+00   2.3403072e-02
  -3.4400000e+00   2.2908483e-02
  -3.4320000e+00   2.2407932e-02
  -3.4240000e+00   2.1901395e-02
  -3.4160000e+00   2.1388847e-02
  -3.4080000e+00   2.0870267e-02
  -3.4000000e+00   2.0345629e-02
  -3.3920000e+00   1.9814911e-02
  -3.3840000e+00   1.9278089e-02
  -3.3760000e+00   1.8735140e-02
  -3.3680000e+00   1.8186041e-02
  -3.3600000e+00   1.7630768e-02
  -3.3520000e+00   1.7069297e-02
  -3.3440000e+00   1.6501606e-02
  -3.3360000e+00   1.5927672e-02
  -3.3280000e+00   1.5347472e-02
  -3.3200000e+00   1.4760982e-02
  -3.3120000e+00   1.4168179e-02
  -3.3040000e+00   1.3569041e-02
  -3.2960000e+00   1.2963545e-02
  -3.2880000e+00   1.2351668e-02
  -3.2800000e+00   1.1733388e-02
  -3.2720000e+00   1.1108681e-02
  -3.2640000e+00   1.0477525e-02
  -3.2560000e+00   9.8398979e-03
  -3.2480000e+00   9.1957767e-03
  -3.2400000e+00   8.5451393e-03
  -3.2320000e+00   7.8879633e-03
  -3.2240000e+00   7.2242264e-03
  -3.2160000e+00   6.5539065e-03
  -3.2080000e+00   5.8769814e-03
  -3.2000000e+00   5.1934291e-03
  -3.1920000e+00   4.5032277e-03
  -3.1840000e+00   3.8063553e-03
  -3.1760000e+00   3.1027900e-03
  -3.1680000e+00   2.3925101e-03
  -3.1600000e+00   1.6754940e-03
  -3.1520000e+00   9.5172012e-04
  -3.1440000e+00   2.2116697e-04
  -3.1360000e+00  -5.1618686e-04
  -3.1280000e+00  -1.2603627e-03
  -3.1200000e+00  -2.0113817e-03
  -3.1120000e+00  -2.7692651e-03
  -3.1040000e+00  -3.5340339e-03
  -3.0960000e+00  -4.3057090e-03
  -3.0880000e+00  -5.0843113e-03
  -3.0800000e+00  -5.8698617e-03
  -3.0720000e+00  -6.6623807e-03
  -3.0640000e+00  -7.4618888e-03
  -3.0560000e+00  -8.2684067e-03
  -3.0480000e+00  -9.0819547e-03
  -3.0400000e+00  -9.9025530e-03
  -3.0320000e+00  -1.0730222e-02
  -3.0240000e+00  -1.1564981e-02
  -3.0160000e+00  -1.2406851e-02
  -3.0080000e+00  -1.3255851e-02
  -3.0000000e+00  -1.4112001e-02
  -2.9920000e+00  -1.4975320e-02
  -2.9840000e+00  -1.5845829e-02
  -2.9760000e+00  -1.6723546e-02
  -2.9680000e+00  -1.7608491e-02
  -2.9600000e+00  -1.8500683e-02
  -2.9520000e+00  -1.9400141e-02
  -2.9440000e+00  -2.0306883e-02
  -2.9360000e+00  -2.1220928e-02
  -2.9280000e+00  -2.2142296e-02
  -2.9200000e+00  -2.3071004e-02
  -2.9120000e+00  -2.4007071e-02
  -2.9040000e+00  -2.4950515e-02
  -2.8960000e+00  -2.5901353e-02
  -2.8880000e+00  -2.6859605e-02
  -2.8800000e+00  -2.7825287e-02
  -2.8720000e+00  -2.8798418e-02
  -2.8640000e+00  -2.9779014e-02
  -2.8560000e+00  -3.0767093e-02
  -2.8480000e+00  -3.1762672e-02
  -2.8400000e+00  -3.2765769e-02
  -2.8320000e+00  -3.3776399e-02
  -2.8240000e+00  -3.4794579e-02
  -2.8160000e+00  -3.5820327e-02
  -2.8080000e+00  -3.6853657e-02
  -2.8000000e+00  -3.7894587e-02
  -2.7920000e+00  -3.8943132e-02
  -2.7840000e+00  -3.9999308e-02
  -2.7760000e+00  -4.1063131e-02
  -2.7680000e+00  -4.2134615e-02
  -2.7600000e+00  -4.3213776e-02
  -2.7520000e+00  -4.4300630e-02
  -2.7440000e+00  -4.5395190e-02
  -2.7360000e+00  -4.6497471e-02
  -2.7280000e+00  -4.7607487e-02
  -2.7200000e+00  -4.8725254e-02
  -2.7120000e+00  -4.9850783e-02
  -2.7040000e+00  -5.0984090e-02
  -2.6960000e+00  -5.2125188e-02
  -2.6880000e+00  -5.3274090e-02
  -2.6800000e+00  -5.4430808e-02
  -2.6720000e+00  -5.5595356e-02
  -2.6640000e+00  -5.6767746e-02
  -2.6560000e+00  -5.7947990e-02
  -2.6480000e+00  -5.9136101e-02
  -2.6400000e+00  -6.0332089e-02
  -2.6320000e+00  -6.1535966e-02
  -2.6240000e+00  -6.2747745e-02
  -2.6160000e+00  -6.3967434e-02
  -2.6080000e+00  -6.5195045e-02
  -2.6000000e+00  -6.6430589e-02
  -2.5920000e+00  -6.7674075e-02
  -2.5840000e+00  -6.8925513e-02
  -2.5760000e+00  -7.0184912e-02
  -2.5680000e+00  -7.1452282e-02
  -2.5600000e+00  -7.2727631e-02
  -2.5520000e+00  -7.4010968e-02
  -2.5440000e+00  -7.5302301e-02
  -2.5360000e+00  -7.6601637e-02
  -2.5280000e+00  -7.7908983e-02
  -2.5200000e+00  -7.9224348e-02
  -2.5120000e+00  -8.0547738e-02
  -2.5040000e+00  -8.1879158e-02
  -2.4960000e+00  -8.3218616e-02
  -2.4880000e+00  -8.4566115e-02
  -2.4800000e+00  -8.5921663e-02
  -2.4720000e+00  -8.7285263e-02
  -2.4640000e+00  -8.8656919e-02
  -2.4560000e+00  -9.0036636e-02
  -2.4480000e+00  -9.1424417e-02
  -2.4400000e+00  -9.2820266e-02
  -2.4320000e+00  -9.4224184e-02
  -2.4240000e+00  -9.5636173e-02
  -2.4160000e+00  -9.7056237e-02
  -2.4080000e+00  -9.8484375e-02
  -2.4000000e+00  -9.9920589e-02
  -2.3920000e+00  -1.0136488e-01
  -2.3840000e+00  -1.0281724e-01
  -2.3760000e+00  -1.0427768e-01
  -2.3680000e+00  -1.0574619e-01
  -2.3600000e+00  -1.0722278e-01
  -2.3520000e+00  -1.0870743e-01
  -2.3440000e+00  -1.1020015e-01
  -2.3360000e+00  -1.1170093e-01
  -2.3280000e+00  -1.1320977e-01
  -2.3200000e+00  -1.1472666e-01
  -2.3120000e+00  -1.1625160e-01
  -2.3040000e+00  -1.1778458e-01
  -2.2960000e+00  -1.1932560e-01
  -2.2880000e+00  -1.2087464e-01
  -2.2800000e+00  -1.2243171e-01
  -2.2720000e+00  -1.2399679e-01
  -2.2640000e+00  -1.2556986e-01
  -2.2560000e+00  -1.2715093e-01
  -2.2480000e+00  -1.2873998e-01
  -2.2400000e+00  -1.3033700e-01
  -2.2320000e+00  -1.3194197e-01
  -2.2240000e+00  -1.3355489e-01
  -2.2160000e+00  -1.3517574e-01
  -2.2080000e+00  -1.3680450e-01
  -2.2000000e+00  -1.3844117e-01
  -2.1920000e+00  -1.4008571e-01
  -2.1840000e+00  -1.4173812e-01
  -2.1760000e+00  -1.4339837e-01
  -2.1680000e+00  -1.4506646e-01
  -2.1600000e+00  -1.4674235e-01
  -2.1520000e+00  -1.4842603e-01
  -2.1440000e+00  -1.5011747e-01
  -2.1360000e+00  -1.5181665e-01
  -2.1280000e+00  -1.5352356e-01
  -2.1200000e+00  -1.5523815e-01
  -2.1120000e+00  -1.5696041e-01
  -2.1040000e+00  -1.5869030e-01
  -2.0960000e+00  -1.6042781e-01
  -2.0880000e+00  -1.6217290e-01
  -2.0800000e+00  -1.6392554e-01
  -2.0720000e+00  -1.6568569e-01
  -2.0640000e+00  -1.6745333e-01
  -2.0560000e+00  -1.6922842e-01
  -2.0480000e+00  -1.7101093e-01
  -2.0400000e+00  -1.7280081e-01
  -2.0320000e+00  -1.7459803e-01
  -2.0240000e+00  -1.7640255e-01
  -2.0160000e+00  -1.7821433e-01
  -2.0080000e+00  -1.8003332e-01
  -2.0000000e+00  -1.8185949e-01
  -1.9920000e+00  -1.8369278e-01
  -1.9840000e+00  -1.8553315e-01
  -1.9760000e+00  -1.8738055e-01
  -1.9680000e+00  -1.8923493e-01
  -1.9600000e+00  -1.9109623e-01
  -1.9520000e+00  -1.9296441e-01
  -1.9440000e+00  -1.9483942e-01
  -1.9360000e+00  -1.9672118e-01
  -1.9280000e+00  -1.9860964e-01
  -1.9200000e+00  -2.0050475e-01
  -1.9120000e+00  -2.0240644e-01
  -1.9040000e+00  -2.0431464e-01
  -1.8960000e+00  -2.0622930e-01
  -1.8880000e+00  -2.0815033e-01
  -1.8800000e+00  -2.1007767e-01
  -1.8720000e+00  -2.1201125e-01
  -1.8640000e+00  -2.1395099e-01
  -1.8560000e+00  -2.1589682e-01
  -1.8480000e+00  -2.1784865e-01
  -1.8400000e+00  -2.1980641e-01
  -1.8320000e+00  -2.2177001e-01
  -1.8240000e+00  -2.2373936e-01
  -1.8160000e+00  -2.2571438e-01
  -1.8080000e+00  -2.2769497e-01
  -1.8000000e+00  -2.2968105e-01
  -1.7920000e+00  -2.3167250e-01
  -1.7840000e+00  -2.3366924e-01
  -1.7760000e+00  -2.3567117e-01
  -1.7680000e+00  -2.3767817e-01
  -1.7600000e+00  -2.3969014e-01
  -1.7520000e+00  -2.4170697e-01
  -1.7440000e+00  -2.4372855e-01
  -1.7360000e+00  -2.4575476e-01
  -1.7280000e+00  -2.4778547e-01
  -1.7200000e+00  -2.4982058e-01
  -1.7120000e+00  -2.5185994e-01
  -1.7040000e+00  -2.5390343e-01
  -1.6960000e+00  -2.5595092e-01
  -1.6880000e+00  -2.5800227e-01
  -1.6800000e+00  -2.6005735e-01
  -1.6720000e+00  -2.6211600e-01
  -1.6640000e+00  -2.6417807e-01
  -1.6560000e+00  -2.6624343e-01
  -1.6480000e+00  -2.6831190e-01
  -1.6400000e+00  -2.7038334e-01
  -1.6320000e+00  -2.7245758e-01
  -1.6240000e+00  -2.7453445e-01
  -1.6160000e+00  -2.7661378e-01
  -1.6080000e+00  -2.7869539e-01
  -1.6000000e+00  -2.8077910e-01
  -1.5920000e+00  -2.8286473e-01
  -1.5840000e+00  -2.8495209e-01
  -1.5760000e+00  -2.8704098e-01
  -1.5680000e+00  -2.8913120e-01
  -1.5600000e+00  -2.9122254e-01
  -1.5520000e+00  -2.9331481e-01
  -1.5440000e+00  -2.9540777e-01
  -1.5360000e+00  -2.9750122e-01
  -1.5280000e+00  -2.9959493e-01
  -1.5200000e+00  -3.0168866e-01
  -1.5120000e+00  -3.0378218e-01
  -1.5040000e+00  -3.0587525e-01
  -1.4960000e+00  -3.0796761e-01
  -1.4880000e+00  -3.1005902e-01
  -1.4800000e+00  -3.1214921e-01
  -1.4720000e+00  -3.1423792e-01
  -1.4640000e+00  -3.1632487e-01
  -1.4560000e+00  -3.1840978e-01
  -1.4480000e+00  -3.2049237e-01
  -1.4400000e+00  -3.2257234e-01
  -1.4320000e+00  -3.2464940e-01
  -1.4240000e+00  -3.2672323e-01
  -1.4160000e+00  -3.2879352e-01
  -1.4080000e+00  -3.3085996e-01
  -1.4000000e+00  -3.3292221e-01
  -1.3920000e+00  -3.3497993e-01
  -1.3840000e+00  -3.3703278e-01
  -1.3760000e+00  -3.3908041e-01
  -1.3680000e+00  -3.4112245e-01
  -1.3600000e+00  -3.4315855e-01
  -1.3520000e+00  -3.4518832e-01
  -1.3440000e+00  -3.4721137e-01
  -1.3360000e+00  -3.4922731e-01
  -1.3280000e+00  -3.5123574e-01
  -1.3200000e+00  -3.5323625e-01
  -1.3120000e+00  -3.5522842e-01
  -1.3040000e+00  -3.5721180e-01
  -1.2960000e+00  -3.5918597e-01
  -1.2880000e+00  -3.6115048e-01
  -1.2800000e+00  -3.6310486e-01
  -1.2720000e+00  -3.6504864e-01
  -1.2640000e+00  -3.6698135e-01
  -1.2560000e+00  -3.6890249e-01
  -1.2480000e+00  -3.7081157e-01
  -1.2400000e+00  -3.7270807e-01
  -1.2320000e+00  -3.7459147e-01
  -1.2240000e+00  -3.7646124e-01
  -1.2160000e+00  -3.7831682e-01
  -1.2080000e+00  -3.8015768e-01
  -1.2000000e+00  -3.8198323e-01
  -1.1920000e+00  -3.8379291e-01
  -1.1840000e+00  -3.8558611e-01
  -1.1760000e+00  -3.8736224e-01
  -1.1680000e+00  -3.8912068e-01
  -1.1600000e+00  -3.9086081e-01
  -1.1520000e+00  -3.9258198e-01
  -1.1440000e+00  -3.9428354e-01
  -1.1360000e+00  -3.9596483e-01
  -1.1280000e+00  -3.9762516e-01
  -1.1200000e+00  -3.9926386e-01
  -1.1120000e+00  -4.0088020e-01
  -1.1040000e+00  -4.0247349e-01
  -1.0960000e+00  -4.0404297e-01
  -1.0880000e+00  -4.0558791e-01
  -1.0800000e+00  -4.0710755e-01
  -1.0720000e+00  -4.0860112e-01
  -1.0640000e+00  -4.1006783e-01
  -1.0560000e+00  -4.1150688e-01
  -1.0480000e+00  -4.1291746e-01
  -1.0400000e+00  -4.1429873e-01
  -1.0320000e+00  -4.1564985e-01
  -1.0240000e+00  -4.1696997e-01
  -1.0160000e+00  -4.1825821e-01
  -1.0080000e+00  -4.1951368e-01
  -1.0000000e+00  -4.2073549e-01
  -9.9200000e-01  -4.2192272e-01
  -9.8400000e-01  -4.2307444e-01
  -9.7600000e-01  -4.2418971e-01
  -9.6800000e-01  -4.2526756e-01
  -9.6000000e-01  -4.2630702e-01
  -9.5200000e-01  -4.2730710e-01
  -9.4400000e-01  -4.2826681e-01
  -9.3600000e-01  -4.2918512e-01
  -9.2800000e-01  -4.3006101e-01
  -9.2000000e-01  -4.3089343e-01
  -9.1200000e-01  -4.3168131e-01
  -9.0400000e-01  -4.3242360e-01
  -8.9600000e-01  -4.3311919e-01
  -8.8800000e-01  -4.3376700e-01
  -8.8000000e-01  -4.3436591e-01
  -8.7200000e-01  -4.3491480e-01
  -8.6400000e-01  -4.3541253e-01
  -8.5600000e-01  -4.3585795e-01
  -8.4800000e-01  -4.3624989e-01
  -8.4000000e-01  -4.3658720e-01
  -8.3200000e-01  -4.3686867e-01
  -8.2400000e-01  -4.3709312e-01
  -8.1600000e-01  -4.3725934e-01
  -8.0800000e-01  -4.3736613e-01
  -8.0000000e-01  -4.3741225e-01
  -7.9200000e-01  -4.3739648e-01
  -7.8400000e-01  -4.3731757e-01
  -7.7600000e-01  -4.3717428e-01
  -7.6800000e-01  -4.3696537e-01
  -7.6000000e-01  -4.3668956e-01
  -7.5200000e-01  -4.3634559e-01
  -7.4400000e-01  -4.3593221e-01
  -7.3600000e-01  -4.3544814e-01
  -7.2800000e-01  -4.3489210e-01
  -7.2000000e-01  -4.3426282e-01
  -7.1200000e-01  -4.3355904e-01
  -7.0400000e-01  -4.3277947e-01
  -6.9600000e-01  -4.3192284e-01
  -6.8800000e-01  -4.3098789e-01
  -6.8000000e-01  -4.2997335e-01
  -6.7200000e-01  -4.2887796e-01
  -6.6400000e-01  -4.2770048e-01
  -6.5600000e-01  -4.2643965e-01
  -6.4800000e-01  -4.2509425e-01
  -6.4000000e-01  -4.2366305e-01
  -6.3200000e-01  -4.2214485e-01
  -6.2400000e-01  -4.2053844e-01
  -6.1600000e-01  -4.1884265e-01
  -6.0800000e-01  -4.1705631e-01
  -6.0000000e-01  -4.1517829e-01
  -5.9200000e-01  -4.1320745e-01
  -5.8400000e-01  -4.1114271e-01
  -5.7600000e-01  -4.0898298e-01
  -5.6800000e-01  -4.0672721e-01
  -5.6000000e-01  -4.0437439e-01
  -5.5200000e-01  -4.0192353e-01
  -5.4400000e-01  -3.9937366e-01
  -5.3600000e-01  -3.9672387e-01
  -5.2800000e-01  -3.9397327e-01
  -5.2000000e-01  -3.9112102e-01
  -5.1200000e-01  -3.8816629e-01
  -5.0400000e-01  -3.8510834e-01
  -4.9600000e-01  -3.8194645e-01
  -4.8800000e-01  -3.7867993e-01
  -4.8000000e-01  -3.7530817e-01
  -4.7200000e-01  -3.7183061e-01
  -4.6400000e-01  -3.6824671e-01
  -4.5600000e-01  -3.6455603e-01
  -4.4800000e-01  -3.6075816e-01
  -4.4000000e-01  -3.5685277e-01
  -4.3200000e-01  -3.5283957e-01
  -4.2400000e-01  -3.4871835e-01
  -4.1600000e-01  -3.4448896e-01
  -4.0800000e-01  -3.4015134e-01
  -4.0000000e-01  -3.3570547e-01
  -3.9200000e-01  -3.3115142e-01
  -3.8400000e-01  -3.2648934e-01
  -3.7600000e-01  -3.2171945e-01
  -3.6800000e-01  -3.1684204e-01
  -3.6000000e-01  -3.1185750e-01
  -3.5200000e-01  -3.0676629e-01
  -3.4400000e-01  -3.0156897e-01
  -3.3600000e-01  -2.9626615e-01
  -3.2800000e-01  -2.9085857e-01
  -3.2000000e-01  -2.8534703e-01
  -3.1200000e-01  -2.7973242e-01
  -3.0400000e-01  -2.7401574e-01
  -2.9600000e-01  -2.6819807e-01
  -2.8800000e-01  -2.6228057e-01
  -2.8000000e-01  -2.5626451e-01
  -2.7200000e-01  -2.5015125e-01
  -2.6400000e-01  -2.4394225e-01
  -2.5600000e-01  -2.3763903e-01
  -2.4800000e-01  -2.3124326e-01
  -2.4000000e-01  -2.2475664e-01
  -2.3200000e-01  -2.1818102e-01
  -2.2400000e-01  -2.1151831e-01
  -2.1600000e-01  -2.0477052e-01
  -2.0800000e-01  -1.9793976e-01
  -2.0000000e-01  -1.9102820e-01
  -1.9200000e-01  -1.8403814e-01
  -1.8400000e-01  -1.7697194e-01
  -1.7600000e-01  -1.6983206e-01
  -1.6800000e-01  -1.6262103e-01
  -1.6000000e-01  -1.5534147e-01
  -1.5200000e-01  -1.4799607e-01
  -1.4400000e-01  -1.4058763e-01
  -1.3600000e-01  -1.3311898e-01
  -1.2800000e-01  -1.2559304e-01
  -1.2000000e-01  -1.1801282e-01
  -1.1200000e-01  -1.1038137e-01
  -1.0400000e-01  -1.0270180e-01
  -9.6000000e-02  -9.4977301e-02
  -8.8000000e-02  -8.7211103e-02
  -8.0000000e-02  -7.9406492e-02
  -7.2000000e-02  -7.1566806e-02
  -6.4000000e-02  -6.3695422e-02
  -5.6000000e-02  -5.5795760e-02
  -4.8000000e-02  -4.7871275e-02
  -4.0000000e-02  -3.9925453e-02
  -3.2000000e-02  -3.1961810e-02
  -2.4000000e-02  -2.3983881e-02
  -1.6000000e-02  -1.5995223e-02
  -8.0000000e-03  -7.9994027e-03
   0.0000000e+00   0.0000000e+00
   8.0000000e-03   7.9994027e-03
   1.6000000e-02   1.5995223e-02
   2.4000000e-02   2.3983881e-02
   3.2000000e-02   3.1961810e-02
   4.0000000e-02   3.9925453e-02
   4.8000000e-02   4.7871275e-02
   5.6000000e-02   5.5795760e-02
   6.4000000e-02   6.3695422e-02
   7.2000000e-02   7.1566806e-02
   8.0000000e-02   7.9406492e-02
   8.8000000e-02   8.7211103e-02
   9.6000000e-02   9.4977301e-02
   1.0400000e-01   1.0270180e-01
   1.1200000e-01   1.1038137e-01
   1.2000000e-01   1.1801282e-01
   1.2800000e-01   1.2559304e-01
   1.3600000e-01   1.3311898e-01
   1.4400000e-01   1.4058763e-01
   1.5200000e-01   1.4799607e-01
   1.6000000e-01   1.5534147e-01
   1.6800000e-01   1.6262103e-01
   1.7600000e-01   1.6983206e-01
   1.8400000e-01   1.7697194e-01
   1.9200000e-01   1.8403814e-01
   2.0000000e-01   1.9102820e-01
   2.0800000e-01   1.9793976e-01
   2.1600000e-01   2.0477052e-01
   2.2400000e-01   2.1151831e-01
   2.3200000e-01   2.1818102e-01
   2.4000000e-01   2.2475664e-01
   2.4800000e-01   2.3124326e-01
   2.5600000e-01   2.3763903e-01
   2.6400000e-01   2.4394225e-01
   2.7200000e-01   2.5015125e-01
   2.8000000e-01   2.5626451e-01
   2.8800000e-01   2.6228057e-01
   2.9600000e-01   2.6819807e-01
   3.0400000e-01   2.7401574e-01
   3.1200000e-01   2.7973242e-01
   3.2000000e-01   2.8534703e-01
   3.2800000e-01   2.9085857e-01
   3.3600000e-01   2.9626615e-01
   3.4400000e-01   3.0156897e-01
   3.5200000e-01   3.0676629e-01
   3.6000000e-01   3.1185750e-01
   3.6800000e-01   3.1684204e-01
   3.7600000e-01   3.2171945e-01
   3.8400000e-01   3.2648934e-01
   3.9200000e-01   3.3115142e-01
   4.0000000e-01   3.3570547e-01
   4.0800000e-01   3.4015134e-01
   4.1600000e-01   3.4448896e-01
   4.2400000e-01   3.4871835e-01
   4.3200000e-01   3.5283957e-01
   4.4000000e-01   3.5685277e-01
   4.4800000e-01   3.6075816e-01
   4.5600000e-01   3.6455603e-01
   4.6400000e-01   3.6824671e-01
   4.7200000e-01   3.7183061e-01
   4.8000000e-01   3.7530817e-01
   4.8800000e-01   3.7867993e-01
   4.9600000e-01   3.8194645e-01
   5.0400000e-01   3.8510834e-01
   5.1200000e-01   3.8816629e-01
   5.2000000e-01   3.9112102e-01
   5.2800000e-01   3.9397327e-01
   5.3600000e-01   3.9672387e-01
   5.4400000e-01   3.9937366e-01
   5.5200000e-01   4.0192353e-01
   5.6000000e-01   4.0437439e-01
   5.6800000e-01   4.0672721e-01
   5.7600000e-01   4.0898298e-01
   5.8400000e-01   4.1114271e-01
   5.9200000e-01   4.1320745e-01
   6.0000000e-01   4.1517829e-01
   6.0800000e-01   4.1705631e-01
   6.1600000e-01   4.1884265e-01
   6.2400000e-01   4.2053844e-01
   6.3200000e-01   4.2214485e-01
   6.4000000e-01   4.2366305e-01
   6.4800000e-01   4.2509425e-01
   6.5600000e-01   4.2643965e-01
   6.6400000e-01   4.2770048e-01
   6.7200000e-01   4.2887796e-01
   6.8000000e-01   4.2997335e-01
   6.8800000e-01   4.3098789e-01
   6.9600000e-01   4.3192284e-01
   7.0400000e-01   4.3277947e-01
   7.1200000e-01   4.3355904e-01
   7.2000000e-01   4.3426282e-01
   7.2800000e-01   4.3489210e-01
   7.3600000e-01   4.3544814e-01
   7.4400000e-01   4.3593221e-01
   7.5200000e-01   4.3634559e-01
   7.6000000e-01   4.3668956e-01
   7.6800000e-01   4.3696537e-01
   7.7600000e-01   4.3717428e-01
   7.8400000e-01   4.3731757e-01
   7.9200000e-01   4.3739648e-01
   8.0000000e-01   4.3741225e-01
   8.0800000e-01   4.3736613e-01
   8.1600000e-01   4.3725934e-01
   8.2400000e-01   4.3709312e-01
   8.3200000e-01   4.3686867e-01
   8.4000000e-01   4.3658720e-01
   8.4800000e-01   4.3624989e-01
   8.5600000e-01   4.3585795e-01
   8.6400000e-01   4.3541253e-01
   8.7200000e-01   4.3491480e-01
   8.8000000e-01   4.3436591e-01
   8.8800000e-01   4.3376700e-01
   8.9600000e-01   4.3311919e-01
   9.0400000e-01   4.3242360e-01
   9.1200000e-01   4.3168131e-01
   9.2000000e-01   4.3089343e-01
   9.2800000e-01   4.3006101e-01
   9.3600000e-01   4.2918512e-01
   9.4400000e-01   4.2826681e-01
   9.5200000e-01   4.2730710e-01
   9.6000000e-01   4.2630702e-01
   9.6800000e-01   4.2526756e-01
   9.7600000e-01   4.2418971e-01
   9.8400000e-01   4.2307444e-01
   9.9200000e-01   4.2192272e-01
   1.0000000e+00   4.2073549e-01
   1.0080000e+00   4.1951368e-01
   1.0160000e+00   4.1825821e-01
   1.0240000e+00   4.1696997e-01
   1.0320000e+00   4.1564985e-01
   1.0400000e+00   4.1429873e-01
   1.0480000e+00   4.1291746e-01
   1.0560000e+00   4.1150688e-01
   1.0640000e+00   4.1006783e-01
   1.0720000e+00   4.0860112e-01
   1.0800000e+00   4.0710755e-01
   1.0880000e+00   4.0558791e-01
   1.0960000e+00   4.0404297e-01
   1.1040000e+00   4.0247349e-01
   1.1120000e+00   4.0088020e-01
   1.1200000e+00   3.9926386e-01
   1.1280000e+00   3.9762516e-01
   1.1360000e+00   3.9596483e-01
   1.1440000e+00   3.9428354e-01
   1.1520000e+00   3.9258198e-01
   1.1600000e+00   3.9086081e-01
   1.1680000e+00   3.8912068e-01
   1.1760000e+00   3.8736224e-01
   1.1840000e+00   3.8558611e-01
   1.1920000e+00   3.8379291e-01
   1.2000000e+00   3.8198323e-01
   1.2080000e+00   3.8015768e-01
   1.2160000e+00   3.7831682e-01
   1.2240000e+00   3.7646124e-01
   1.2320000e+00   3.7459147e-01
   1.2400000e+00   3.7270807e-01
   1.2480000e+00   3.7081157e-01
   1.2560000e+00   3.6890249e-01
   1.2640000e+00   3.6698135e-01
   1.2720000e+00   3.6504864e-01
   1.2800000e+00   3.6310486e-01
   1.2880000e+00   3.6115048e-01
   1.2960000e+00   3.5918597e-01
   1.3040000e+00   3.5721180e-01
   1.3120000e+00   3.5522842e-01
   1.3200000e+00   3.5323625e-01
   1.3280000e+00   3.5123574e-01
   1.3360000e+00   3.4922731e-01
   1.3440000e+00   3.4721137e-01
   1.3520000e+00   3.4518832e-01
   1.3600000e+00   3.4315855e-01
   1.3680000e+00   3.4112245e-01
   1.3760000e+00   3.3908041e-01
   1.3840000e+00   3.3703278e-01
   1.3920000e+00   3.3497993e-01
   1.4000000e+00   3.3292221e-01
   1.4080000e+00   3.3085996e-01
   1.4160000e+00   3.2879352e-01
   1.4240000e+00   3.2672323e-01
   1.4320000e+00   3.2464940e-01
   1.4400000e+00   3.2257234e-01
   1.4480000e+00   3.2049237e-01
   1.4560000e+00   3.1840978e-01
   1.4640000e+00   3.1632487e-01
   1.4720000e+00   3.1423792e-01
   1.4800000e+00   3.1214921e-01
   1.4880000e+00   3.1005902e-01
   1.4960000e+00   3.0796761e-01
   1.5040000e+00   3.0587525e-01
   1.5120000e+00   3.0378218e-01
   1.5200000e+00   3.0168866e-01
   1.5280000e+00   2.9959493e-01
   1.5360000e+00   2.9750122e-01
   1.5440000e+00   2.9540777e-01
   1.5520000e+00   2.9331481e-01
   1.5600000e+00   2.9122254e-01
   1.5680000e+00   2.8913120e-01
   1.5760000e+00   2.8704098e-01
   1.5840000e+00   2.8495209e-01
   1.5920000e+00   2.8286473e-01
   1.6000000e+00   2.8077910e-01
   1.6080000e+00   2.7869539e-01
   1.6160000e+00   2.7661378e-01
   1.6240000e+00   2.7453445e-01
   1.6320000e+00   2.7245758e-01
   1.6400000e+00   2.7038334e-01
   1.6480000e+00   2.6831190e-01
   1.6560000e+00   2.6624343e-01
   1.6640000e+00   2.6417807e-01
   1.6720000e+00   2.6211600e-01
   1.6800000e+00   2.6005735e-01
   1.6880000e+00   2.5800227e-01
   1.6960000e+00   2.5595092e-01
   1.7040000e+00   2.5390343e-01
   1.7120000e+00   2.5185994e-01
   1.7200000e+00   2.4982058e-01
   1.7280000e+00   2.4778547e-01
   1.7360000e+00   2.4575476e-01
   1.7440000e+00   2.4372855e-01
   1.7520000e+00   2.4170697e-01
   1.7600000e+00   2.3969014e-01
   1.7680000e+00   2.3767817e-01
   1.7760000e+00   2.3567117e-01
   1.7840000e+00   2.3366924e-01
   1.7920000e+00   2.3167250e-01
   1.8000000e+00   2.2968105e-01
   1.8080000e+00   2.2769497e-01
   1.8160000e+00   2.2571438e-01
   1.8240000e+00   2.2373936e-01
   1.8320000e+00   2.2177001e-01
   1.8400000e+00   2.1980641e-01
   1.8480000e+00   2.1784865e-01
   1.8560000e+00   2.1589682e-01
   1.8640000e+00   2.1395099e-01
   1.8720000e+00   2.1201125e-01
   1.8800000e+00   2.1007767e-01
   1.8880000e+00   2.0815033e-01
   1.8960000e+00   2.0622930e-01
   1.9040000e+00   2.0431464e-01
   1.9120000e+00   2.0240644e-01
   1.9200000e+00   2.0050475e-01
   1.9280000e+00   1.9860964e-01
   1.9360000e+00   1.9672118e-01
   1.9440000e+00   1.9483942e-01
   1.9520000e+00   1.9296441e-01
   1.9600000e+00   1.9109623e-01
   1.9680000e+00   1.8923493e-01
   1.9760000e+00   1.8738055e-01
   1.9840000e+00   1.8553315e-01
   1.9920000e+00   1.8369278e-01
   2.0000000e+00   1.8185949e-01
   2.0080000e+00   1.8003332e-01
   2.0160000e+00   1.7821433e-01
   2.0240000e+00   1.7640255e-01
   2.0320000e+00   1.7459803e-01
   2.0400000e+00   1.7280081e-01
   2.0480000e+00   1.7101093e-01
   2.0560000e+00   1.6922842e-01
   2.0640000e+00   1.6745333e-01
   2.0720000e+00   1.6568569e-01
   2.0800000e+00   1.6392554e-01
   2.0880000e+00   1.6217290e-01
   2.0960000e+00   1.6042781e-01
   2.1040000e+00   1.5869030e-01
   2.1120000e+00   1.5696041e-01
   2.1200000e+00   1.5523815e-01
   2.1280000e+00   1.5352356e-01
   2.1360000e+00   1.5181665e-01
   2.1440000e+00   1.5011747e-01
   2.1520000e+00   1.4842603e-01
   2.1600000e+00   1.4674235e-01
   2.1680000e+00   1.4506646e-01
   2.1760000e+00   1.4339837e-01
   2.1840000e+00   1.4173812e-01
   2.1920000e+00   1.4008571e-01
   2.2000000e+00   1.3844117e-01
   2.2080000e+00   1.3680450e-01
   2.2160000e+00   1.3517574e-01
   2.2240000e+00   1.3355489e-01
   2.2320000e+00   1.3194197e-01
   2.2400000e+00   1.3033700e-01
   2.2480000e+00   1.2873998e-01
   2.2560000e+00   1.2715093e-01
   2.2640000e+00   1.2556986e-01
   2.2720000e+00   1.2399679e-01
   2.2800000e+00   1.2243171e-01
   2.2880000e+00   1.2087464e-01
   2.2960000e+00   1.1932560e-01
   2.3040000e+00   1.1778458e-01
   2.3120000e+00   1.1625160e-01
   2.3200000e+00   1.1472666e-01
   2.3280000e+00   1.1320977e-01
   2.3360000e+00   1.1170093e-01
   2.3440000e+00   1.1020015e-01
   2.3520000e+00   1.0870743e-01
   2.3600000e+00   1.0722278e-01
   2.3680000e+00   1.0574619e-01
   2.3760000e+00   1.0427768e-01
   2.3840000e+00   1.0281724e-01
   2.3920000e+00   1.0136488e-01
   2.4000000e+00   9.9920589e-02
   2.4080000e+00   9.8484375e-02
   2.4160000e+00   9.7056237e-02
   2.4240000e+00   9.5636173e-02
   2.4320000e+00   9.4224184e-02
   2.4400000e+00   9.2820266e-02
   2.4480000e+00   9.1424417e-02
   2.4560000e+00   9.0036636e-02
   2.4640000e+00   8.8656919e-02
   2.4720000e+00   8.7285263e-02
   2.4800000e+00   8.5921663e-02
   2.4880000e+00   8.4566115e-02
   2.4960000e+00   8.3218616e-02
   2.5040000e+00   8.1879158e-02
   2.5120000e+00   8.0547738e-02
   2.5200000e+00   7.9224348e-02
   2.5280000e+00   7.7908983e-02
   2.5360000e+00   7.6601637e-02
   2.5440000e+00   7.5302301e-02
   2.5520000e+00   7.4010968e-02
   2.5600000e+00   7.2727631e-02
   2.5680000e+00   7.1452282e-02
   2.5760000e+00   7.0184912e-02
   2.5840000e+00   6.8925513e-02
   2.5920000e+00   6.7674075e-02
   2.6000000e+00   6.6430589e-02
   2.6080000e+00   6.5195045e-02
   2.6160000e+00   6.3967434e-02
   2.6240000e+00   6.2747745e-02
   2.6320000e+00   6.1535966e-02
   2.6400000e+00   6.0332089e-02
   2.6480000e+00   5.9136101e-02
   2.6560000e+00   5.7947990e-02
   2.6640000e+00   5.6767746e-02
   2.6720000e+00   5.5595356e-02
   2.6800000e+00   5.4430808e-02
   2.6880000e+00   5.3274090e-02
   2.6960000e+00   5.2125188e-02
   2.7040000e+00   5.0984090e-02
   2.7120000e+00   4.9850783e-02
   2.7200000e+00   4.8725254e-02
   2.7280000e+00   4.7607487e-02
   2.7360000e+00   4.6497471e-02
   2.7440000e+00   4.5395190e-02
   2.7520000e+00   4.4300630e-02
   2.7600000e+00   4.3213776e-02
   2.7680000e+00   4.2134615e-02
   2.7760000e+00   4.1063131e-02
   2.7840000e+00   3.9999308e-02
   2.7920000e+00   3.8943132e-02
   2.8000000e+00   3.7894587e-02
   2.8080000e+00   3.6853657e-02
   2.8160000e+00   3.5820327e-02
   2.8240000e+00   3.4794579e-02
   2.8320000e+00   3.3776399e-02
   2.8400000e+00   3.2765769e-02
   2.8480000e+00   3.1762672e-02
   2.8560000e+00   3.0767093e-02
   2.8640000e+00   2.9779014e-02
   2.8720000e+00   2.8798418e-02
   2.8800000e+00   2.7825287e-02
   2.8880000e+00   2.6859605e-02
   2.8960000e+00   2.5901353e-02
   2.9040000e+00   2.4950515e-02
   2.9120000e+00   2.4007071e-02
   2.9200000e+00   2.3071004e-02
   2.9280000e+00   2.2142296e-02
   2.9360000e+00   2.1220928e-02
   2.9440000e+00   2.0306883e-02
   2.9520000e+00   1.9400141e-02
   2.9600000e+00   1.8500683e-02
   2.9680000e+00   1.7608491e-02
   2.9760000e+00   1.6723546e-02
   2.9840000e+00   1.5845829e-02
   2.9920000e+00   1.4975320e-02
   3.0000000e+00   1.4112001e-02
   3.0080000e+00   1.3255851e-02
   3.0160000e+00   1.2406851e-02
   3.0240000e+00   1.1564981e-02
   3.0320000e+00   1.0730222e-02
   3.0400000e+00   9.9025530e-03
   3.0480000e+00   9.0819547e-03
   3.0560000e+00   8.2684067e-03
   3.0640000e+00   7.4618888e-03
   3.0720000e+00   6.6623807e-03
   3.0800000e+00   5.8698617e-03
   3.0880000e+00   5.0843113e-03
   3.0960000e+00   4.3057090e-03
   3.1040000e+00   3.5340339e-03
   3.1120000e+00   2.7692651e-03
   3.1200000e+00   2.0113817e-03
   3.1280000e+00   1.2603627e-03
   3.1360000e+00   5.1618686e-04
   3.1440000e+00  -2.2116697e-04
   3.1520000e+00  -9.5172012e-04
   3.1600000e+00  -1.6754940e-03
   3.1680000e+00  -2.3925101e-03
   3.1760000e+00  -3.1027900e-03
   3.1840000e+00  -3.8063553e-03
   3.1920000e+00  -4.5032277e-03
   3.2000000e+00  -5.1934291e-03
   3.2080000e+00  -5.8769814e-03
   3.2160000e+00  -6.5539065e-03
   3.2240000e+00  -7.2242264e-03
   3.2320000e+00  -7.8879633e-03
   3.2400000e+00  -8.5451393e-03
   3.2480000e+00  -9.1957767e-03
   3.2560000e+00  -9.8398979e-03
   3.2640000e+00  -1.0477525e-02
   3.2720000e+00  -1.1108681e-02
   3.2800000e+00  -1.1733388e-02
   3.2880000e+00  -1.2351668e-02
   3.2960000e+00  -1.2963545e-02
   3.3040000e+00  -1.3569041e-02
   3.3120000e+00  -1.4168179e-02
   3.3200000e+00  -1.4760982e-02
   3.3280000e+00  -1.5347472e-02
   3.3360000e+00  -1.5927672e-02
   3.3440000e+00  -1.6501606e-02
   3.3520000e+00  -1.7069297e-02
   3.3600000e+00  -1.7630768e-02
   3.3680000e+00  -1.8186041e-02
   3.3760000e+00  -1.8735140e-02
   3.3840000e+00  -1.9278089e-02
   3.3920000e+00  -1.9814911e-02
   3.4000000e+00  -2.0345629e-02
   3.4080000e+00  -2.0870267e-02
   3.4160000e+00  -2.1388847e-02
   3.4240000e+00  -2.1901395e-02
   3.4320000e+00  -2.2407932e-02
   3.4400000e+00  -2.2908483e-02
   3.4480000e+00  -2.3403072e-02
   3.4560000e+00  -2.3891722e-02
   3.4640000e+00  -2.4374457e-02
   3.4720000e+00  -2.4851301e-02
   3.4800000e+00  -2.5322278e-02
   3.4880000e+00  -2.5787411e-02
   3.4960000e+00  -2.6246724e-02
   3.5040000e+00  -2.6700242e-02
   3.5120000e+00  -2.7147988e-02
   3.5200000e+00  -2.7589987e-02
   3.5280000e+00  -2.8026262e-02
   3.5360000e+00  -2.8456838e-02
   3.5440000e+00  -2.8881738e-02
   3.5520000e+00  -2.9300988e-02
   3.5600000e+00  -2.9714611e-02
   3.5680000e+00  -3.0122631e-02
   3.5760000e+00  -3.0525073e-02
   3.5840000e+00  -3.0921961e-02
   3.5920000e+00  -3.1313319e-02
   3.6000000e+00  -3.1699172e-02
   3.6080000e+00  -3.2079544e-02
   3.6160000e+00  -3.2454460e-02
   3.6240000e+00  -3.2823944e-02
   3.6320000e+00  -3.3188020e-02
   3.6400000e+00  -3.3546713e-02
   3.6480000e+00  -3.3900048e-02
   3.6560000e+00  -3.4248049e-02
   3.6640000e+00  -3.4590741e-02
   3.6720000e+00  -3.4928148e-02
   3.6800000e+00  -3.5260295e-02
   3.6880000e+00  -3.5587206e-02
   3.6960000e+00  -3.5908907e-02
   3.7040000e+00  -3.6225421e-02
   3.7120000e+00  -3.6536775e-02
   3.7200000e+00  -3.6842992e-02
   3.7280000e+00  -3.7144097e-02
   3.7360000e+00  -3.7440115e-02
   3.7440000e+00  -3.7731070e-02
   3.7520000e+00  -3.8016988e-02
   3.7600000e+00  -3.8297894e-02
   3.7680000e+00  -3.8573812e-02
   3.7760000e+00  -3.8844766e-02
   3.7840000e+00  -3.9110783e-02
   3.7920000e+00  -3.9371887e-02
   3.8000000e+00  -3.9628102e-02
   3.8080000e+00  -3.9879454e-02
   3.8160000e+00  -4.0125967e-02
   3.8240000e+00  -4.0367667e-02
   3.8320000e+00  -4.0604578e-02
   3.8400000e+00  -4.0836725e-02
   3.8480000e+00  -4.1064134e-02
   3.8560000e+00  -4.1286829e-02
   3.8640000e+00  -4.1504836e-02
   3.8720000e+00  -4.1718178e-02
   3.8800000e+00  -4.1926882e-02
   3.8880000e+00  -4.2130972e-02
   3.8960000e+00  -4.2330473e-02
   3.9040000e+00  -4.2525411e-02
   3.9120000e+00  -4.2715809e-02
   3.9200000e+00  -4.2901694e-02
   3.9280000e+00  -4.3083091e-02
   3.9360000e+00  -4.3260023e-02
   3.9440000e+00  -4.3432517e-02
   3.9520000e+00  -4.3600597e-02
   3.9600000e+00  -4.3764289e-02
   3.9680000e+00  -4.3923617e-02
   3.9760000e+00  -4.4078606e-02
   3.9840000e+00  -4.4229282e-02
   3.9920000e+00  -4.4375670e-02
   4.0000000e+00  -4.4517794e-02
