   0.0000000e+00   1.1348243e+00
   1.0101010e-02   1.2506672e+00
   2.0202020e-02   2.6581453e-01
   3.0303030e-02   5.0144362e-01
   4.0404040e-02   7.9265009e-01
   5.0505051e-02   1.0759413e+00
   6.0606061e-02   1.5908590e+00
   7.0707071e-02   8.8732399e-01
   8.0808081e-02   1.6693532e+00
   9.0909091e-02   1.2830417e+00
   1.0101010e-01   1.6396401e+00
   1.1111111e-01   1.1238302e+00
   1.2121212e-01   7.4026777e-01
   1.3131313e-01   3.3686109e-01
   1.4141414e-01   1.1647775e+00
   1.5151515e-01   1.5063901e+00
   1.6161616e-01   9.6153249e-01
   1.7171717e-01   8.4879789e-01
   1.8181818e-01   9.7690874e-01
   1.9191919e-01   5.9566722e-01
   2.0202020e-01   9.1091049e-01
   2.1212121e-01   1.0812362e+00
   2.2222222e-01   1.2094775e+00
   2.3232323e-01   1.1703987e+00
   2.4242424e-01   1.5244950e+00
   2.5252525e-01   1.2908489e+00
   2.6262626e-01   2.1614077e+00
   2.7272727e-01   1.4294905e+00
   2.8282828e-01   2.1956946e+00
   2.9292929e-01   9.5276814e-01
   3.0303030e-01   1.5994173e+00
   3.1313131e-01   1.2287887e+00
   3.2323232e-01   1.6827327e+00
   3.3333333e-01   1.7043728e+00
   3.4343434e-01   3.4016289e-01
   3.5353535e-01   7.9646035e-01
   3.6363636e-01   7.6734695e-01
   3.7373737e-01   1.7177330e+00
   3.8383838e-01   2.2819754e+00
   3.9393939e-01   1.4146601e+00
   4.0404040e-01   2.0165713e+00
   4.1414141e-01   1.9166942e+00
   4.2424242e-01   1.1528159e+00
   4.3434343e-01   1.9132885e+00
   4.4444444e-01   1.3757673e+00
   4.5454545e-01   2.5482662e+00
   4.6464646e-01   1.8135476e+00
   4.7474747e-01   2.6888304e+00
   4.8484848e-01   1.7006243e+00
   4.9494949e-01   2.2515382e+00
   5.0505051e-01   1.9704605e+00
   5.1515152e-01   1.0372995e+00
   5.2525253e-01   1.6050458e+00
   5.3535354e-01   2.4516315e+00
   5.4545455e-01   2.1686501e+00
   5.5555556e-01   1.6889193e+00
   5.6565657e-01   1.9887847e+00
   5.7575758e-01   2.4819395e+00
   5.8585859e-01   1.9174175e+00
   5.9595960e-01   2.9597100e+00
   6.0606061e-01   2.2117709e+00
   6.1616162e-01   3.4980525e+00
   6.2626263e-01   2.1168098e+00
   6.3636364e-01   2.8211074e+00
   6.4646465e-01   2.0274387e+00
   6.5656566e-01   2.4942669e+00
   6.6666667e-01   2.6293008e+00
   6.7676768e-01   3.1981720e+00
   6.8686869e-01   3.5419046e+00
   6.9696970e-01   3.2961928e+00
   7.0707071e-01   3.0363259e+00
   7.1717172e-01   3.7093379e+00
   7.2727273e-01   3.7816123e+00
   7.3737374e-01   3.5247110e+00
   7.4747475e-01   3.8345577e+00
   7.5757576e-01   3.8415651e+00
   7.6767677e-01   3.2298487e+00
   7.7777778e-01   4.1932272e+00
   7.8787879e-01   3.5769285e+00
   7.9797980e-01   3.6976502e+00
   8.0808081e-01   4.1841790e+00
   8.1818182e-01   4.0400875e+00
   8.2828283e-01   4.2281219e+00
   8.3838384e-01   4.6939845e+00
   8.4848485e-01   5.0240981e+00
   8.5858586e-01   4.5082026e+00
   8.6868687e-01   4.8796669e+00
   8.7878788e-01   4.7074903e+00
   8.8888889e-01   5.0544418e+00
   8.9898990e-01   5.2748552e+00
   9.0909091e-01   4.8638686e+00
   9.1919192e-01   5.4294191e+00
   9.2929293e-01   5.7145265e+00
   9.3939394e-01   5.5844015e+00
   9.4949495e-01   6.5297591e+00
   9.5959596e-01   5.4894910e+00
   9.6969697e-01   5.5565334e+00
   9.7979798e-01   5.1838010e+00
   9.8989899e-01   6.6500647e+00
   1.0000000e+00   6.7668746e+00
