   0.0000000e+00   9.3199330e-04
   1.0000000e+00   1.0708946e-03
   2.0000000e+00   7.1130848e-04
   3.0000000e+00   1.0855705e-03
   4.0000000e+00   7.4980817e-04
   5.0000000e+00   1.0547635e-03
   6.0000000e+00   1.0403304e-03
   7.0000000e+00   1.0912803e-03
   8.0000000e+00   7.5255484e-04
   9.0000000e+00   9.1199784e-04
   1.0000000e+01   8.6870171e-04
   1.1000000e+01   7.3841772e-04
   1.2000000e+01   9.1269410e-04
   1.3000000e+01   8.9628564e-04
   1.4000000e+01   6.9640336e-04
   1.5000000e+01   7.9909144e-04
   1.6000000e+01   9.7284504e-04
   1.7000000e+01   7.3228970e-04
   1.8000000e+01   7.9135418e-04
   1.9000000e+01   6.3847693e-04
   2.0000000e+01   4.7503453e-04
   2.1000000e+01   5.5713997e-04
   2.2000000e+01   7.4797209e-04
   2.3000000e+01   6.1030544e-04
   2.4000000e+01   7.2912726e-04
   2.5000000e+01   1.3210717e-03
   2.6000000e+01   1.9037779e-03
   2.7000000e+01   2.8243246e-03
   2.8000000e+01   3.6931336e-03
   2.9000000e+01   4.9796900e-03
   3.0000000e+01   6.0964381e-03
   3.1000000e+01   6.8698104e-03
   3.2000000e+01   7.6897329e-03
   3.3000000e+01   8.6914110e-03
   3.4000000e+01   9.2572690e-03
   3.5000000e+01   9.5670392e-03
   3.6000000e+01   1.0534398e-02
   3.7000000e+01   1.0895059e-02
   3.8000000e+01   1.1517169e-02
   3.9000000e+01   1.2159475e-02
   4.0000000e+01   1.2835762e-02
   4.1000000e+01   1.3582011e-02
   4.2000000e+01   1.4016320e-02
   4.3000000e+01   1.4442596e-02
   4.4000000e+01   1.5250132e-02
   4.5000000e+01   1.5511921e-02
   4.6000000e+01   1.6108692e-02
   4.7000000e+01   1.6168500e-02
   4.8000000e+01   1.6599621e-02
   4.9000000e+01   1.6496076e-02
   5.0000000e+01   1.6559332e-02
   5.1000000e+01   1.6914823e-02
   5.2000000e+01   1.6498356e-02
   5.3000000e+01   1.6687598e-02
   5.4000000e+01   1.6558639e-02
   5.5000000e+01   1.6256653e-02
   5.6000000e+01   1.5968868e-02
   5.7000000e+01   1.5966250e-02
   5.8000000e+01   1.5451370e-02
   5.9000000e+01   1.5176465e-02
   6.0000000e+01   1.4766689e-02
   6.1000000e+01   1.4517467e-02
   6.2000000e+01   1.4189616e-02
   6.3000000e+01   1.4124812e-02
   6.4000000e+01   1.3551063e-02
   6.5000000e+01   1.3226154e-02
   6.6000000e+01   1.2922206e-02
   6.7000000e+01   1.2759236e-02
   6.8000000e+01   1.2161799e-02
   6.9000000e+01   1.2184791e-02
   7.0000000e+01   1.1496216e-02
   7.1000000e+01   1.1307967e-02
   7.2000000e+01   1.0887757e-02
   7.3000000e+01   1.0908635e-02
   7.4000000e+01   1.0592787e-02
   7.5000000e+01   1.0149065e-02
   7.6000000e+01   1.0088113e-02
   7.7000000e+01   9.7720017e-03
   7.8000000e+01   9.6662850e-03
   7.9000000e+01   9.3064950e-03
   8.0000000e+01   9.2223982e-03
   8.1000000e+01   8.8099728e-03
   8.2000000e+01   8.5503038e-03
   8.3000000e+01   8.4338109e-03
   8.4000000e+01   8.0996617e-03
   8.5000000e+01   8.1826660e-03
   8.6000000e+01   7.7489760e-03
   8.7000000e+01   7.4833768e-03
   8.8000000e+01   7.3571221e-03
   8.9000000e+01   7.3015775e-03
   9.0000000e+01   7.0219299e-03
   9.1000000e+01   6.7230960e-03
   9.2000000e+01   6.8723490e-03
   9.3000000e+01   6.5451659e-03
   9.4000000e+01   6.3103651e-03
   9.5000000e+01   6.1249537e-03
   9.6000000e+01   5.9803791e-03
   9.7000000e+01   5.9386888e-03
   9.8000000e+01   5.7507726e-03
   9.9000000e+01   5.7110971e-03
   1.0000000e+02   5.2765819e-03
   1.0100000e+02   5.4643272e-03
   1.0200000e+02   5.2781349e-03
   1.0300000e+02   4.8930268e-03
   1.0400000e+02   5.0628225e-03
   1.0500000e+02   4.6874149e-03
   1.0600000e+02   4.6909708e-03
   1.0700000e+02   4.5435682e-03
   1.0800000e+02   4.2349546e-03
   1.0900000e+02   4.0474658e-03
   1.1000000e+02   4.2662658e-03
   1.1100000e+02   4.1737327e-03
   1.1200000e+02   3.9110515e-03
   1.1300000e+02   3.6633585e-03
   1.1400000e+02   3.7793583e-03
   1.1500000e+02   3.5111243e-03
   1.1600000e+02   3.6322239e-03
   1.1700000e+02   3.4642487e-03
   1.1800000e+02   3.2227101e-03
   1.1900000e+02   3.4271932e-03
   1.2000000e+02   3.2686293e-03
   1.2100000e+02   3.2349101e-03
   1.2200000e+02   2.8200929e-03
   1.2300000e+02   2.7862275e-03
   1.2400000e+02   2.9368074e-03
   1.2500000e+02   2.8595433e-03
   1.2600000e+02   2.7808522e-03
   1.2700000e+02   2.6017279e-03
   1.2800000e+02   2.5088207e-03
   1.2900000e+02   2.4758941e-03
   1.3000000e+02   2.5222571e-03
   1.3100000e+02   2.3523619e-03
   1.3200000e+02   2.2645828e-03
   1.3300000e+02   2.0475403e-03
   1.3400000e+02   2.1636027e-03
   1.3500000e+02   1.9938421e-03
   1.3600000e+02   1.9909360e-03
   1.3700000e+02   2.0701229e-03
   1.3800000e+02   1.9908826e-03
   1.3900000e+02   1.9553669e-03
   1.4000000e+02   1.9190373e-03
   1.4100000e+02   1.8056647e-03
   1.4200000e+02   1.3926506e-03
   1.4300000e+02   1.3336514e-03
   1.4400000e+02   1.3164907e-03
   1.4500000e+02   1.3617994e-03
   1.4600000e+02   1.1988008e-03
   1.4700000e+02   1.3430604e-03
   1.4800000e+02   1.2472834e-03
   1.4900000e+02   1.2744462e-03
   1.5000000e+02   1.3876579e-03
   1.5100000e+02   1.0854097e-03
   1.5200000e+02   1.0727119e-03
   1.5300000e+02   1.2392164e-03
   1.5400000e+02   9.8412378e-04
   1.5500000e+02   8.6643645e-04
   1.5600000e+02   9.7307974e-04
   1.5700000e+02   1.0647128e-03
   1.5800000e+02   8.5974302e-04
   1.5900000e+02   9.6498737e-04
   1.6000000e+02   8.7582065e-04
   1.6100000e+02   7.6891328e-04
   1.6200000e+02   7.4911810e-04
   1.6300000e+02   9.3181276e-04
   1.6400000e+02   5.2605215e-04
   1.6500000e+02   5.8137314e-04
   1.6600000e+02   6.5391900e-04
   1.6700000e+02   6.8504013e-04
   1.6800000e+02   7.8103523e-04
   1.6900000e+02   6.0375503e-04
   1.7000000e+02   5.3025568e-04
   1.7100000e+02   6.6424265e-04
   1.7200000e+02   5.4348746e-04
   1.7300000e+02   6.8411532e-04
   1.7400000e+02   4.8910457e-04
   1.7500000e+02   4.7293832e-04
   1.7600000e+02   4.3843091e-04
   1.7700000e+02   3.2649022e-04
   1.7800000e+02   2.3416311e-04
   1.7900000e+02   1.9640326e-04
   1.8000000e+02   5.5267357e-04
   1.8100000e+02   2.6834419e-04
   1.8200000e+02   5.1117042e-04
   1.8300000e+02   4.1626389e-04
   1.8400000e+02   4.8616248e-04
   1.8500000e+02   4.8457520e-04
   1.8600000e+02   1.0827760e-04
   1.8700000e+02   2.1859056e-04
   1.8800000e+02   4.7316859e-04
   1.8900000e+02   3.0356368e-04
   1.9000000e+02   3.8287494e-04
   1.9100000e+02   2.0314480e-04
   1.9200000e+02   0
   1.9300000e+02   2.6417882e-04
   1.9400000e+02   0
   1.9500000e+02   1.6300941e-04
   