  -1.0000000e+00   9.6153846e-01
  -9.9800000e-01   4.8051984e+00
  -9.9600000e-01   8.4392586e+00
  -9.9400000e-01   1.1870593e+01
  -9.9200000e-01   1.5105914e+01
  -9.9000000e-01   1.8151776e+01
  -9.8800000e-01   2.1014580e+01
  -9.8600000e-01   2.3700571e+01
  -9.8400000e-01   2.6215848e+01
  -9.8200000e-01   2.8566361e+01
  -9.8000000e-01   3.0757914e+01
  -9.7800000e-01   3.2796171e+01
  -9.7600000e-01   3.4686657e+01
  -9.7400000e-01   3.6434759e+01
  -9.7200000e-01   3.8045729e+01
  -9.7000000e-01   3.9524689e+01
  -9.6800000e-01   4.0876630e+01
  -9.6600000e-01   4.2106416e+01
  -9.6400000e-01   4.3218788e+01
  -9.6200000e-01   4.4218362e+01
  -9.6000000e-01   4.5109636e+01
  -9.5800000e-01   4.5896990e+01
  -9.5600000e-01   4.6584686e+01
  -9.5400000e-01   4.7176875e+01
  -9.5200000e-01   4.7677596e+01
  -9.5000000e-01   4.8090779e+01
  -9.4800000e-01   4.8420247e+01
  -9.4600000e-01   4.8669718e+01
  -9.4400000e-01   4.8842806e+01
  -9.4200000e-01   4.8943027e+01
  -9.4000000e-01   4.8973796e+01
  -9.3800000e-01   4.8938431e+01
  -9.3600000e-01   4.8840155e+01
  -9.3400000e-01   4.8682099e+01
  -9.3200000e-01   4.8467303e+01
  -9.3000000e-01   4.8198715e+01
  -9.2800000e-01   4.7879199e+01
  -9.2600000e-01   4.7511531e+01
  -9.2400000e-01   4.7098404e+01
  -9.2200000e-01   4.6642429e+01
  -9.2000000e-01   4.6146134e+01
  -9.1800000e-01   4.5611972e+01
  -9.1600000e-01   4.5042317e+01
  -9.1400000e-01   4.4439467e+01
  -9.1200000e-01   4.3805647e+01
  -9.1000000e-01   4.3143009e+01
  -9.0800000e-01   4.2453636e+01
  -9.0600000e-01   4.1739538e+01
  -9.0400000e-01   4.1002662e+01
  -9.0200000e-01   4.0244887e+01
  -9.0000000e-01   3.9468025e+01
  -8.9800000e-01   3.8673828e+01
  -8.9600000e-01   3.7863985e+01
  -8.9400000e-01   3.7040124e+01
  -8.9200000e-01   3.6203814e+01
  -8.9000000e-01   3.5356569e+01
  -8.8800000e-01   3.4499842e+01
  -8.8600000e-01   3.3635035e+01
  -8.8400000e-01   3.2763494e+01
  -8.8200000e-01   3.1886514e+01
  -8.8000000e-01   3.1005337e+01
  -8.7800000e-01   3.0121157e+01
  -8.7600000e-01   2.9235118e+01
  -8.7400000e-01   2.8348316e+01
  -8.7200000e-01   2.7461802e+01
  -8.7000000e-01   2.6576582e+01
  -8.6800000e-01   2.5693615e+01
  -8.6600000e-01   2.4813821e+01
  -8.6400000e-01   2.3938075e+01
  -8.6200000e-01   2.3067212e+01
  -8.6000000e-01   2.2202029e+01
  -8.5800000e-01   2.1343280e+01
  -8.5600000e-01   2.0491687e+01
  -8.5400000e-01   1.9647930e+01
  -8.5200000e-01   1.8812656e+01
  -8.5000000e-01   1.7986478e+01
  -8.4800000e-01   1.7169973e+01
  -8.4600000e-01   1.6363686e+01
  -8.4400000e-01   1.5568130e+01
  -8.4200000e-01   1.4783788e+01
  -8.4000000e-01   1.4011111e+01
  -8.3800000e-01   1.3250522e+01
  -8.3600000e-01   1.2502414e+01
  -8.3400000e-01   1.1767155e+01
  -8.3200000e-01   1.1045083e+01
  -8.3000000e-01   1.0336514e+01
  -8.2800000e-01   9.6417334e+00
  -8.2600000e-01   8.9610071e+00
  -8.2400000e-01   8.2945749e+00
  -8.2200000e-01   7.6426541e+00
  -8.2000000e-01   7.0054398e+00
  -8.1800000e-01   6.3831057e+00
  -8.1600000e-01   5.7758044e+00
  -8.1400000e-01   5.1836688e+00
  -8.1200000e-01   4.6068122e+00
  -8.1000000e-01   4.0453289e+00
  -8.0800000e-01   3.4992955e+00
  -8.0600000e-01   2.9687707e+00
  -8.0400000e-01   2.4537967e+00
  -8.0200000e-01   1.9543992e+00
  -8.0000000e-01   1.4705882e+00
  -7.9800000e-01   1.0023589e+00
  -7.9600000e-01   5.4969162e-01
  -7.9400000e-01   1.1255302e-01
  -7.9200000e-01  -3.0910377e-01
  -7.9000000e-01  -7.1533847e-01
  -7.8800000e-01  -1.1062231e+00
  -7.8600000e-01  -1.4818417e+00
  -7.8400000e-01  -1.8422893e+00
  -7.8200000e-01  -2.1876721e+00
  -7.8000000e-01  -2.5181065e+00
  -7.7800000e-01  -2.8337189e+00
  -7.7600000e-01  -3.1346449e+00
  -7.7400000e-01  -3.4210294e+00
  -7.7200000e-01  -3.6930257e+00
  -7.7000000e-01  -3.9507952e+00
  -7.6800000e-01  -4.1945071e+00
  -7.6600000e-01  -4.4243378e+00
  -7.6400000e-01  -4.6404708e+00
  -7.6200000e-01  -4.8430958e+00
  -7.6000000e-01  -5.0324090e+00
  -7.5800000e-01  -5.2086122e+00
  -7.5600000e-01  -5.3719127e+00
  -7.5400000e-01  -5.5225226e+00
  -7.5200000e-01  -5.6606592e+00
  -7.5000000e-01  -5.7865437e+00
  -7.4800000e-01  -5.9004018e+00
  -7.4600000e-01  -6.0024627e+00
  -7.4400000e-01  -6.0929591e+00
  -7.4200000e-01  -6.1721268e+00
  -7.4000000e-01  -6.2402047e+00
  -7.3800000e-01  -6.2974340e+00
  -7.3600000e-01  -6.3440584e+00
  -7.3400000e-01  -6.3803235e+00
  -7.3200000e-01  -6.4064767e+00
  -7.3000000e-01  -6.4227671e+00
  -7.2800000e-01  -6.4294449e+00
  -7.2600000e-01  -6.4267613e+00
  -7.2400000e-01  -6.4149685e+00
  -7.2200000e-01  -6.3943193e+00
  -7.2000000e-01  -6.3650667e+00
  -7.1800000e-01  -6.3274640e+00
  -7.1600000e-01  -6.2817644e+00
  -7.1400000e-01  -6.2282209e+00
  -7.1200000e-01  -6.1670862e+00
  -7.1000000e-01  -6.0986121e+00
  -7.0800000e-01  -6.0230499e+00
  -7.0600000e-01  -5.9406498e+00
  -7.0400000e-01  -5.8516610e+00
  -7.0200000e-01  -5.7563313e+00
  -7.0000000e-01  -5.6549072e+00
  -6.9800000e-01  -5.5476335e+00
  -6.9600000e-01  -5.4347534e+00
  -6.9400000e-01  -5.3165081e+00
  -6.9200000e-01  -5.1931370e+00
  -6.9000000e-01  -5.0648772e+00
  -6.8800000e-01  -4.9319636e+00
  -6.8600000e-01  -4.7946289e+00
  -6.8400000e-01  -4.6531032e+00
  -6.8200000e-01  -4.5076141e+00
  -6.8000000e-01  -4.3583864e+00
  -6.7800000e-01  -4.2056423e+00
  -6.7600000e-01  -4.0496011e+00
  -6.7400000e-01  -3.8904791e+00
  -6.7200000e-01  -3.7284896e+00
  -6.7000000e-01  -3.5638428e+00
  -6.6800000e-01  -3.3967457e+00
  -6.6600000e-01  -3.2274020e+00
  -6.6400000e-01  -3.0560123e+00
  -6.6200000e-01  -2.8827735e+00
  -6.6000000e-01  -2.7078792e+00
  -6.5800000e-01  -2.5315196e+00
  -6.5600000e-01  -2.3538813e+00
  -6.5400000e-01  -2.1751471e+00
  -6.5200000e-01  -1.9954965e+00
  -6.5000000e-01  -1.8151051e+00
  -6.4800000e-01  -1.6341448e+00
  -6.4600000e-01  -1.4527837e+00
  -6.4400000e-01  -1.2711864e+00
  -6.4200000e-01  -1.0895133e+00
  -6.4000000e-01  -9.0792128e-01
  -6.3800000e-01  -7.2656317e-01
  -6.3600000e-01  -5.4558800e-01
  -6.3400000e-01  -3.6514091e-01
  -6.3200000e-01  -1.8536313e-01
  -6.3000000e-01  -6.3919747e-03
  -6.2800000e-01   1.7163917e-01
  -6.2600000e-01   3.4860082e-01
  -6.2400000e-01   5.2436744e-01
  -6.2200000e-01   6.9881742e-01
  -6.2000000e-01   8.7183307e-01
  -6.1800000e-01   1.0433006e+00
  -6.1600000e-01   1.2131102e+00
  -6.1400000e-01   1.3811559e+00
  -6.1200000e-01   1.5473356e+00
  -6.1000000e-01   1.7115512e+00
  -6.0800000e-01   1.8737083e+00
  -6.0600000e-01   2.0337165e+00
  -6.0400000e-01   2.1914891e+00
  -6.0200000e-01   2.3469433e+00
  -6.0000000e-01   2.5000000e+00
  -5.9800000e-01   2.6505840e+00
  -5.9600000e-01   2.7986236e+00
  -5.9400000e-01   2.9440510e+00
  -5.9200000e-01   3.0868021e+00
  -5.9000000e-01   3.2268162e+00
  -5.8800000e-01   3.3640364e+00
  -5.8600000e-01   3.4984094e+00
  -5.8400000e-01   3.6298854e+00
  -5.8200000e-01   3.7584180e+00
  -5.8000000e-01   3.8839643e+00
  -5.7800000e-01   4.0064851e+00
  -5.7600000e-01   4.1259441e+00
  -5.7400000e-01   4.2423088e+00
  -5.7200000e-01   4.3555497e+00
  -5.7000000e-01   4.4656407e+00
  -5.6800000e-01   4.5725590e+00
  -5.6600000e-01   4.6762846e+00
  -5.6400000e-01   4.7768011e+00
  -5.6200000e-01   4.8740949e+00
  -5.6000000e-01   4.9681554e+00
  -5.5800000e-01   5.0589752e+00
  -5.5600000e-01   5.1465495e+00
  -5.5400000e-01   5.2308767e+00
  -5.5200000e-01   5.3119579e+00
  -5.5000000e-01   5.3897970e+00
  -5.4800000e-01   5.4644005e+00
  -5.4600000e-01   5.5357777e+00
  -5.4400000e-01   5.6039405e+00
  -5.4200000e-01   5.6689033e+00
  -5.4000000e-01   5.7306833e+00
  -5.3800000e-01   5.7892996e+00
  -5.3600000e-01   5.8447743e+00
  -5.3400000e-01   5.8971314e+00
  -5.3200000e-01   5.9463975e+00
  -5.3000000e-01   5.9926012e+00
  -5.2800000e-01   6.0357734e+00
  -5.2600000e-01   6.0759472e+00
  -5.2400000e-01   6.1131576e+00
  -5.2200000e-01   6.1474417e+00
  -5.2000000e-01   6.1788386e+00
  -5.1800000e-01   6.2073893e+00
  -5.1600000e-01   6.2331364e+00
  -5.1400000e-01   6.2561246e+00
  -5.1200000e-01   6.2764003e+00
  -5.1000000e-01   6.2940113e+00
  -5.0800000e-01   6.3090073e+00
  -5.0600000e-01   6.3214394e+00
  -5.0400000e-01   6.3313603e+00
  -5.0200000e-01   6.3388242e+00
  -5.0000000e-01   6.3438864e+00
  -4.9800000e-01   6.3466039e+00
  -4.9600000e-01   6.3470348e+00
  -4.9400000e-01   6.3452383e+00
  -4.9200000e-01   6.3412750e+00
  -4.9000000e-01   6.3352066e+00
  -4.8800000e-01   6.3270956e+00
  -4.8600000e-01   6.3170058e+00
  -4.8400000e-01   6.3050018e+00
  -4.8200000e-01   6.2911492e+00
  -4.8000000e-01   6.2755142e+00
  -4.7800000e-01   6.2581641e+00
  -4.7600000e-01   6.2391667e+00
  -4.7400000e-01   6.2185907e+00
  -4.7200000e-01   6.1965052e+00
  -4.7000000e-01   6.1729800e+00
  -4.6800000e-01   6.1480855e+00
  -4.6600000e-01   6.1218924e+00
  -4.6400000e-01   6.0944719e+00
  -4.6200000e-01   6.0658957e+00
  -4.6000000e-01   6.0362357e+00
  -4.5800000e-01   6.0055642e+00
  -4.5600000e-01   5.9739535e+00
  -4.5400000e-01   5.9414763e+00
  -4.5200000e-01   5.9082054e+00
  -4.5000000e-01   5.8742136e+00
  -4.4800000e-01   5.8395738e+00
  -4.4600000e-01   5.8043590e+00
  -4.4400000e-01   5.7686421e+00
  -4.4200000e-01   5.7324957e+00
  -4.4000000e-01   5.6959926e+00
  -4.3800000e-01   5.6592052e+00
  -4.3600000e-01   5.6222058e+00
  -4.3400000e-01   5.5850664e+00
  -4.3200000e-01   5.5478586e+00
  -4.3000000e-01   5.5106539e+00
  -4.2800000e-01   5.4735233e+00
  -4.2600000e-01   5.4365372e+00
  -4.2400000e-01   5.3997659e+00
  -4.2200000e-01   5.3632789e+00
  -4.2000000e-01   5.3271454e+00
  -4.1800000e-01   5.2914337e+00
  -4.1600000e-01   5.2562120e+00
  -4.1400000e-01   5.2215475e+00
  -4.1200000e-01   5.1875067e+00
  -4.1000000e-01   5.1541557e+00
  -4.0800000e-01   5.1215595e+00
  -4.0600000e-01   5.0897827e+00
  -4.0400000e-01   5.0588887e+00
  -4.0200000e-01   5.0289405e+00
  -4.0000000e-01   5.0000000e+00
  -3.9800000e-01   4.9721282e+00
  -3.9600000e-01   4.9453852e+00
  -3.9400000e-01   4.9198302e+00
  -3.9200000e-01   4.8955215e+00
  -3.9000000e-01   4.8725162e+00
  -3.8800000e-01   4.8508707e+00
  -3.8600000e-01   4.8306400e+00
  -3.8400000e-01   4.8118782e+00
  -3.8200000e-01   4.7946385e+00
  -3.8000000e-01   4.7789726e+00
  -3.7800000e-01   4.7649313e+00
  -3.7600000e-01   4.7525643e+00
  -3.7400000e-01   4.7419200e+00
  -3.7200000e-01   4.7330456e+00
  -3.7000000e-01   4.7259872e+00
  -3.6800000e-01   4.7207896e+00
  -3.6600000e-01   4.7174963e+00
  -3.6400000e-01   4.7161497e+00
  -3.6200000e-01   4.7167907e+00
  -3.6000000e-01   4.7194592e+00
  -3.5800000e-01   4.7241936e+00
  -3.5600000e-01   4.7310309e+00
  -3.5400000e-01   4.7400069e+00
  -3.5200000e-01   4.7511561e+00
  -3.5000000e-01   4.7645117e+00
  -3.4800000e-01   4.7801052e+00
  -3.4600000e-01   4.7979671e+00
  -3.4400000e-01   4.8181264e+00
  -3.4200000e-01   4.8406105e+00
  -3.4000000e-01   4.8654458e+00
  -3.3800000e-01   4.8926570e+00
  -3.3600000e-01   4.9222675e+00
  -3.3400000e-01   4.9542992e+00
  -3.3200000e-01   4.9887728e+00
  -3.3000000e-01   5.0257072e+00
  -3.2800000e-01   5.0651202e+00
  -3.2600000e-01   5.1070282e+00
  -3.2400000e-01   5.1514458e+00
  -3.2200000e-01   5.1983866e+00
  -3.2000000e-01   5.2478625e+00
  -3.1800000e-01   5.2998840e+00
  -3.1600000e-01   5.3544603e+00
  -3.1400000e-01   5.4115990e+00
  -3.1200000e-01   5.4713064e+00
  -3.1000000e-01   5.5335874e+00
  -3.0800000e-01   5.5984453e+00
  -3.0600000e-01   5.6658821e+00
  -3.0400000e-01   5.7358984e+00
  -3.0200000e-01   5.8084934e+00
  -3.0000000e-01   5.8836648e+00
  -2.9800000e-01   5.9614090e+00
  -2.9600000e-01   6.0417210e+00
  -2.9400000e-01   6.1245944e+00
  -2.9200000e-01   6.2100214e+00
  -2.9000000e-01   6.2979929e+00
  -2.8800000e-01   6.3884983e+00
  -2.8600000e-01   6.4815259e+00
  -2.8400000e-01   6.5770623e+00
  -2.8200000e-01   6.6750932e+00
  -2.8000000e-01   6.7756026e+00
  -2.7800000e-01   6.8785735e+00
  -2.7600000e-01   6.9839875e+00
  -2.7400000e-01   7.0918247e+00
  -2.7200000e-01   7.2020643e+00
  -2.7000000e-01   7.3146840e+00
  -2.6800000e-01   7.4296603e+00
  -2.6600000e-01   7.5469686e+00
  -2.6400000e-01   7.6665830e+00
  -2.6200000e-01   7.7884764e+00
  -2.6000000e-01   7.9126204e+00
  -2.5800000e-01   8.0389857e+00
  -2.5600000e-01   8.1675416e+00
  -2.5400000e-01   8.2982565e+00
  -2.5200000e-01   8.4310976e+00
  -2.5000000e-01   8.5660309e+00
  -2.4800000e-01   8.7030213e+00
  -2.4600000e-01   8.8420330e+00
  -2.4400000e-01   8.9830287e+00
  -2.4200000e-01   9.1259703e+00
  -2.4000000e-01   9.2708188e+00
  -2.3800000e-01   9.4175341e+00
  -2.3600000e-01   9.5660750e+00
  -2.3400000e-01   9.7163995e+00
  -2.3200000e-01   9.8684649e+00
  -2.3000000e-01   1.0022227e+01
  -2.2800000e-01   1.0177642e+01
  -2.2600000e-01   1.0334663e+01
  -2.2400000e-01   1.0493245e+01
  -2.2200000e-01   1.0653339e+01
  -2.2000000e-01   1.0814899e+01
  -2.1800000e-01   1.0977875e+01
  -2.1600000e-01   1.1142218e+01
  -2.1400000e-01   1.1307878e+01
  -2.1200000e-01   1.1474803e+01
  -2.1000000e-01   1.1642942e+01
  -2.0800000e-01   1.1812243e+01
  -2.0600000e-01   1.1982654e+01
  -2.0400000e-01   1.2154119e+01
  -2.0200000e-01   1.2326586e+01
  -2.0000000e-01   1.2500000e+01
  -1.9800000e-01   1.2674305e+01
  -1.9600000e-01   1.2849447e+01
  -1.9400000e-01   1.3025368e+01
  -1.9200000e-01   1.3202012e+01
  -1.9000000e-01   1.3379322e+01
  -1.8800000e-01   1.3557241e+01
  -1.8600000e-01   1.3735710e+01
  -1.8400000e-01   1.3914673e+01
  -1.8200000e-01   1.4094069e+01
  -1.8000000e-01   1.4273840e+01
  -1.7800000e-01   1.4453927e+01
  -1.7600000e-01   1.4634271e+01
  -1.7400000e-01   1.4814812e+01
  -1.7200000e-01   1.4995490e+01
  -1.7000000e-01   1.5176245e+01
  -1.6800000e-01   1.5357017e+01
  -1.6600000e-01   1.5537745e+01
  -1.6400000e-01   1.5718369e+01
  -1.6200000e-01   1.5898829e+01
  -1.6000000e-01   1.6079064e+01
  -1.5800000e-01   1.6259013e+01
  -1.5600000e-01   1.6438616e+01
  -1.5400000e-01   1.6617811e+01
  -1.5200000e-01   1.6796539e+01
  -1.5000000e-01   1.6974739e+01
  -1.4800000e-01   1.7152351e+01
  -1.4600000e-01   1.7329313e+01
  -1.4400000e-01   1.7505567e+01
  -1.4200000e-01   1.7681051e+01
  -1.4000000e-01   1.7855707e+01
  -1.3800000e-01   1.8029473e+01
  -1.3600000e-01   1.8202292e+01
  -1.3400000e-01   1.8374103e+01
  -1.3200000e-01   1.8544849e+01
  -1.3000000e-01   1.8714470e+01
  -1.2800000e-01   1.8882908e+01
  -1.2600000e-01   1.9050105e+01
  -1.2400000e-01   1.9216004e+01
  -1.2200000e-01   1.9380547e+01
  -1.2000000e-01   1.9543678e+01
  -1.1800000e-01   1.9705341e+01
  -1.1600000e-01   1.9865480e+01
  -1.1400000e-01   2.0024038e+01
  -1.1200000e-01   2.0180963e+01
  -1.1000000e-01   2.0336199e+01
  -1.0800000e-01   2.0489692e+01
  -1.0600000e-01   2.0641390e+01
  -1.0400000e-01   2.0791239e+01
  -1.0200000e-01   2.0939188e+01
  -1.0000000e-01   2.1085186e+01
  -9.8000000e-02   2.1229181e+01
  -9.6000000e-02   2.1371124e+01
  -9.4000000e-02   2.1510965e+01
  -9.2000000e-02   2.1648655e+01
  -9.0000000e-02   2.1784147e+01
  -8.8000000e-02   2.1917394e+01
  -8.6000000e-02   2.2048349e+01
  -8.4000000e-02   2.2176966e+01
  -8.2000000e-02   2.2303201e+01
  -8.0000000e-02   2.2427009e+01
  -7.8000000e-02   2.2548347e+01
  -7.6000000e-02   2.2667174e+01
  -7.4000000e-02   2.2783446e+01
  -7.2000000e-02   2.2897125e+01
  -7.0000000e-02   2.3008169e+01
  -6.8000000e-02   2.3116541e+01
  -6.6000000e-02   2.3222203e+01
  -6.4000000e-02   2.3325116e+01
  -6.2000000e-02   2.3425246e+01
  -6.0000000e-02   2.3522557e+01
  -5.8000000e-02   2.3617016e+01
  -5.6000000e-02   2.3708589e+01
  -5.4000000e-02   2.3797243e+01
  -5.2000000e-02   2.3882949e+01
  -5.0000000e-02   2.3965676e+01
  -4.8000000e-02   2.4045395e+01
  -4.6000000e-02   2.4122078e+01
  -4.4000000e-02   2.4195698e+01
  -4.2000000e-02   2.4266230e+01
  -4.0000000e-02   2.4333648e+01
  -3.8000000e-02   2.4397929e+01
  -3.6000000e-02   2.4459051e+01
  -3.4000000e-02   2.4516991e+01
  -3.2000000e-02   2.4571730e+01
  -3.0000000e-02   2.4623249e+01
  -2.8000000e-02   2.4671529e+01
  -2.6000000e-02   2.4716553e+01
  -2.4000000e-02   2.4758306e+01
  -2.2000000e-02   2.4796773e+01
  -2.0000000e-02   2.4831941e+01
  -1.8000000e-02   2.4863796e+01
  -1.6000000e-02   2.4892329e+01
  -1.4000000e-02   2.4917528e+01
  -1.2000000e-02   2.4939385e+01
  -1.0000000e-02   2.4957893e+01
  -8.0000000e-03   2.4973044e+01
  -6.0000000e-03   2.4984834e+01
  -4.0000000e-03   2.4993259e+01
  -2.0000000e-03   2.4998315e+01
   0.0000000e+00   2.5000000e+01
   2.0000000e-03   2.4998315e+01
   4.0000000e-03   2.4993259e+01
   6.0000000e-03   2.4984834e+01
   8.0000000e-03   2.4973044e+01
   1.0000000e-02   2.4957893e+01
   1.2000000e-02   2.4939385e+01
   1.4000000e-02   2.4917528e+01
   1.6000000e-02   2.4892329e+01
   1.8000000e-02   2.4863796e+01
   2.0000000e-02   2.4831941e+01
   2.2000000e-02   2.4796773e+01
   2.4000000e-02   2.4758306e+01
   2.6000000e-02   2.4716553e+01
   2.8000000e-02   2.4671529e+01
   3.0000000e-02   2.4623249e+01
   3.2000000e-02   2.4571730e+01
   3.4000000e-02   2.4516991e+01
   3.6000000e-02   2.4459051e+01
   3.8000000e-02   2.4397929e+01
   4.0000000e-02   2.4333648e+01
   4.2000000e-02   2.4266230e+01
   4.4000000e-02   2.4195698e+01
   4.6000000e-02   2.4122078e+01
   4.8000000e-02   2.4045395e+01
   5.0000000e-02   2.3965676e+01
   5.2000000e-02   2.3882949e+01
   5.4000000e-02   2.3797243e+01
   5.6000000e-02   2.3708589e+01
   5.8000000e-02   2.3617016e+01
   6.0000000e-02   2.3522557e+01
   6.2000000e-02   2.3425246e+01
   6.4000000e-02   2.3325116e+01
   6.6000000e-02   2.3222203e+01
   6.8000000e-02   2.3116541e+01
   7.0000000e-02   2.3008169e+01
   7.2000000e-02   2.2897125e+01
   7.4000000e-02   2.2783446e+01
   7.6000000e-02   2.2667174e+01
   7.8000000e-02   2.2548347e+01
   8.0000000e-02   2.2427009e+01
   8.2000000e-02   2.2303201e+01
   8.4000000e-02   2.2176966e+01
   8.6000000e-02   2.2048349e+01
   8.8000000e-02   2.1917394e+01
   9.0000000e-02   2.1784147e+01
   9.2000000e-02   2.1648655e+01
   9.4000000e-02   2.1510965e+01
   9.6000000e-02   2.1371124e+01
   9.8000000e-02   2.1229181e+01
   1.0000000e-01   2.1085186e+01
   1.0200000e-01   2.0939188e+01
   1.0400000e-01   2.0791239e+01
   1.0600000e-01   2.0641390e+01
   1.0800000e-01   2.0489692e+01
   1.1000000e-01   2.0336199e+01
   1.1200000e-01   2.0180963e+01
   1.1400000e-01   2.0024038e+01
   1.1600000e-01   1.9865480e+01
   1.1800000e-01   1.9705341e+01
   1.2000000e-01   1.9543678e+01
   1.2200000e-01   1.9380547e+01
   1.2400000e-01   1.9216004e+01
   1.2600000e-01   1.9050105e+01
   1.2800000e-01   1.8882908e+01
   1.3000000e-01   1.8714470e+01
   1.3200000e-01   1.8544849e+01
   1.3400000e-01   1.8374103e+01
   1.3600000e-01   1.8202292e+01
   1.3800000e-01   1.8029473e+01
   1.4000000e-01   1.7855707e+01
   1.4200000e-01   1.7681051e+01
   1.4400000e-01   1.7505567e+01
   1.4600000e-01   1.7329313e+01
   1.4800000e-01   1.7152351e+01
   1.5000000e-01   1.6974739e+01
   1.5200000e-01   1.6796539e+01
   1.5400000e-01   1.6617811e+01
   1.5600000e-01   1.6438616e+01
   1.5800000e-01   1.6259013e+01
   1.6000000e-01   1.6079064e+01
   1.6200000e-01   1.5898829e+01
   1.6400000e-01   1.5718369e+01
   1.6600000e-01   1.5537745e+01
   1.6800000e-01   1.5357017e+01
   1.7000000e-01   1.5176245e+01
   1.7200000e-01   1.4995490e+01
   1.7400000e-01   1.4814812e+01
   1.7600000e-01   1.4634271e+01
   1.7800000e-01   1.4453927e+01
   1.8000000e-01   1.4273840e+01
   1.8200000e-01   1.4094069e+01
   1.8400000e-01   1.3914673e+01
   1.8600000e-01   1.3735710e+01
   1.8800000e-01   1.3557241e+01
   1.9000000e-01   1.3379322e+01
   1.9200000e-01   1.3202012e+01
   1.9400000e-01   1.3025368e+01
   1.9600000e-01   1.2849447e+01
   1.9800000e-01   1.2674305e+01
   2.0000000e-01   1.2500000e+01
   2.0200000e-01   1.2326586e+01
   2.0400000e-01   1.2154119e+01
   2.0600000e-01   1.1982654e+01
   2.0800000e-01   1.1812243e+01
   2.1000000e-01   1.1642942e+01
   2.1200000e-01   1.1474803e+01
   2.1400000e-01   1.1307878e+01
   2.1600000e-01   1.1142218e+01
   2.1800000e-01   1.0977875e+01
   2.2000000e-01   1.0814899e+01
   2.2200000e-01   1.0653339e+01
   2.2400000e-01   1.0493245e+01
   2.2600000e-01   1.0334663e+01
   2.2800000e-01   1.0177642e+01
   2.3000000e-01   1.0022227e+01
   2.3200000e-01   9.8684649e+00
   2.3400000e-01   9.7163995e+00
   2.3600000e-01   9.5660750e+00
   2.3800000e-01   9.4175341e+00
   2.4000000e-01   9.2708188e+00
   2.4200000e-01   9.1259703e+00
   2.4400000e-01   8.9830287e+00
   2.4600000e-01   8.8420330e+00
   2.4800000e-01   8.7030213e+00
   2.5000000e-01   8.5660309e+00
   2.5200000e-01   8.4310976e+00
   2.5400000e-01   8.2982565e+00
   2.5600000e-01   8.1675416e+00
   2.5800000e-01   8.0389857e+00
   2.6000000e-01   7.9126204e+00
   2.6200000e-01   7.7884764e+00
   2.6400000e-01   7.6665830e+00
   2.6600000e-01   7.5469686e+00
   2.6800000e-01   7.4296603e+00
   2.7000000e-01   7.3146840e+00
   2.7200000e-01   7.2020643e+00
   2.7400000e-01   7.0918247e+00
   2.7600000e-01   6.9839875e+00
   2.7800000e-01   6.8785735e+00
   2.8000000e-01   6.7756026e+00
   2.8200000e-01   6.6750932e+00
   2.8400000e-01   6.5770623e+00
   2.8600000e-01   6.4815259e+00
   2.8800000e-01   6.3884983e+00
   2.9000000e-01   6.2979929e+00
   2.9200000e-01   6.2100214e+00
   2.9400000e-01   6.1245944e+00
   2.9600000e-01   6.0417210e+00
   2.9800000e-01   5.9614090e+00
   3.0000000e-01   5.8836648e+00
   3.0200000e-01   5.8084934e+00
   3.0400000e-01   5.7358984e+00
   3.0600000e-01   5.6658821e+00
   3.0800000e-01   5.5984453e+00
   3.1000000e-01   5.5335874e+00
   3.1200000e-01   5.4713064e+00
   3.1400000e-01   5.4115990e+00
   3.1600000e-01   5.3544603e+00
   3.1800000e-01   5.2998840e+00
   3.2000000e-01   5.2478625e+00
   3.2200000e-01   5.1983866e+00
   3.2400000e-01   5.1514458e+00
   3.2600000e-01   5.1070282e+00
   3.2800000e-01   5.0651202e+00
   3.3000000e-01   5.0257072e+00
   3.3200000e-01   4.9887728e+00
   3.3400000e-01   4.9542992e+00
   3.3600000e-01   4.9222675e+00
   3.3800000e-01   4.8926570e+00
   3.4000000e-01   4.8654458e+00
   3.4200000e-01   4.8406105e+00
   3.4400000e-01   4.8181264e+00
   3.4600000e-01   4.7979671e+00
   3.4800000e-01   4.7801052e+00
   3.5000000e-01   4.7645117e+00
   3.5200000e-01   4.7511561e+00
   3.5400000e-01   4.7400069e+00
   3.5600000e-01   4.7310309e+00
   3.5800000e-01   4.7241936e+00
   3.6000000e-01   4.7194592e+00
   3.6200000e-01   4.7167907e+00
   3.6400000e-01   4.7161497e+00
   3.6600000e-01   4.7174963e+00
   3.6800000e-01   4.7207896e+00
   3.7000000e-01   4.7259872e+00
   3.7200000e-01   4.7330456e+00
   3.7400000e-01   4.7419200e+00
   3.7600000e-01   4.7525643e+00
   3.7800000e-01   4.7649313e+00
   3.8000000e-01   4.7789726e+00
   3.8200000e-01   4.7946385e+00
   3.8400000e-01   4.8118782e+00
   3.8600000e-01   4.8306400e+00
   3.8800000e-01   4.8508707e+00
   3.9000000e-01   4.8725162e+00
   3.9200000e-01   4.8955215e+00
   3.9400000e-01   4.9198302e+00
   3.9600000e-01   4.9453852e+00
   3.9800000e-01   4.9721282e+00
   4.0000000e-01   5.0000000e+00
   4.0200000e-01   5.0289405e+00
   4.0400000e-01   5.0588887e+00
   4.0600000e-01   5.0897827e+00
   4.0800000e-01   5.1215595e+00
   4.1000000e-01   5.1541557e+00
   4.1200000e-01   5.1875067e+00
   4.1400000e-01   5.2215475e+00
   4.1600000e-01   5.2562120e+00
   4.1800000e-01   5.2914337e+00
   4.2000000e-01   5.3271454e+00
   4.2200000e-01   5.3632789e+00
   4.2400000e-01   5.3997659e+00
   4.2600000e-01   5.4365372e+00
   4.2800000e-01   5.4735233e+00
   4.3000000e-01   5.5106539e+00
   4.3200000e-01   5.5478586e+00
   4.3400000e-01   5.5850664e+00
   4.3600000e-01   5.6222058e+00
   4.3800000e-01   5.6592052e+00
   4.4000000e-01   5.6959926e+00
   4.4200000e-01   5.7324957e+00
   4.4400000e-01   5.7686421e+00
   4.4600000e-01   5.8043590e+00
   4.4800000e-01   5.8395738e+00
   4.5000000e-01   5.8742136e+00
   4.5200000e-01   5.9082054e+00
   4.5400000e-01   5.9414763e+00
   4.5600000e-01   5.9739535e+00
   4.5800000e-01   6.0055642e+00
   4.6000000e-01   6.0362357e+00
   4.6200000e-01   6.0658957e+00
   4.6400000e-01   6.0944719e+00
   4.6600000e-01   6.1218924e+00
   4.6800000e-01   6.1480855e+00
   4.7000000e-01   6.1729800e+00
   4.7200000e-01   6.1965052e+00
   4.7400000e-01   6.2185907e+00
   4.7600000e-01   6.2391667e+00
   4.7800000e-01   6.2581641e+00
   4.8000000e-01   6.2755142e+00
   4.8200000e-01   6.2911492e+00
   4.8400000e-01   6.3050018e+00
   4.8600000e-01   6.3170058e+00
   4.8800000e-01   6.3270956e+00
   4.9000000e-01   6.3352066e+00
   4.9200000e-01   6.3412750e+00
   4.9400000e-01   6.3452383e+00
   4.9600000e-01   6.3470348e+00
   4.9800000e-01   6.3466039e+00
   5.0000000e-01   6.3438864e+00
   5.0200000e-01   6.3388242e+00
   5.0400000e-01   6.3313603e+00
   5.0600000e-01   6.3214394e+00
   5.0800000e-01   6.3090073e+00
   5.1000000e-01   6.2940113e+00
   5.1200000e-01   6.2764003e+00
   5.1400000e-01   6.2561246e+00
   5.1600000e-01   6.2331364e+00
   5.1800000e-01   6.2073893e+00
   5.2000000e-01   6.1788386e+00
   5.2200000e-01   6.1474417e+00
   5.2400000e-01   6.1131576e+00
   5.2600000e-01   6.0759472e+00
   5.2800000e-01   6.0357734e+00
   5.3000000e-01   5.9926012e+00
   5.3200000e-01   5.9463975e+00
   5.3400000e-01   5.8971314e+00
   5.3600000e-01   5.8447743e+00
   5.3800000e-01   5.7892996e+00
   5.4000000e-01   5.7306833e+00
   5.4200000e-01   5.6689033e+00
   5.4400000e-01   5.6039405e+00
   5.4600000e-01   5.5357777e+00
   5.4800000e-01   5.4644005e+00
   5.5000000e-01   5.3897970e+00
   5.5200000e-01   5.3119579e+00
   5.5400000e-01   5.2308767e+00
   5.5600000e-01   5.1465495e+00
   5.5800000e-01   5.0589752e+00
   5.6000000e-01   4.9681554e+00
   5.6200000e-01   4.8740949e+00
   5.6400000e-01   4.7768011e+00
   5.6600000e-01   4.6762846e+00
   5.6800000e-01   4.5725590e+00
   5.7000000e-01   4.4656407e+00
   5.7200000e-01   4.3555497e+00
   5.7400000e-01   4.2423088e+00
   5.7600000e-01   4.1259441e+00
   5.7800000e-01   4.0064851e+00
   5.8000000e-01   3.8839643e+00
   5.8200000e-01   3.7584180e+00
   5.8400000e-01   3.6298854e+00
   5.8600000e-01   3.4984094e+00
   5.8800000e-01   3.3640364e+00
   5.9000000e-01   3.2268162e+00
   5.9200000e-01   3.0868021e+00
   5.9400000e-01   2.9440510e+00
   5.9600000e-01   2.7986236e+00
   5.9800000e-01   2.6505840e+00
   6.0000000e-01   2.5000000e+00
   6.0200000e-01   2.3469433e+00
   6.0400000e-01   2.1914891e+00
   6.0600000e-01   2.0337165e+00
   6.0800000e-01   1.8737083e+00
   6.1000000e-01   1.7115512e+00
   6.1200000e-01   1.5473356e+00
   6.1400000e-01   1.3811559e+00
   6.1600000e-01   1.2131102e+00
   6.1800000e-01   1.0433006e+00
   6.2000000e-01   8.7183307e-01
   6.2200000e-01   6.9881742e-01
   6.2400000e-01   5.2436744e-01
   6.2600000e-01   3.4860082e-01
   6.2800000e-01   1.7163917e-01
   6.3000000e-01  -6.3919747e-03
   6.3200000e-01  -1.8536313e-01
   6.3400000e-01  -3.6514091e-01
   6.3600000e-01  -5.4558800e-01
   6.3800000e-01  -7.2656317e-01
   6.4000000e-01  -9.0792128e-01
   6.4200000e-01  -1.0895133e+00
   6.4400000e-01  -1.2711864e+00
   6.4600000e-01  -1.4527837e+00
   6.4800000e-01  -1.6341448e+00
   6.5000000e-01  -1.8151051e+00
   6.5200000e-01  -1.9954965e+00
   6.5400000e-01  -2.1751471e+00
   6.5600000e-01  -2.3538813e+00
   6.5800000e-01  -2.5315196e+00
   6.6000000e-01  -2.7078792e+00
   6.6200000e-01  -2.8827735e+00
   6.6400000e-01  -3.0560123e+00
   6.6600000e-01  -3.2274020e+00
   6.6800000e-01  -3.3967457e+00
   6.7000000e-01  -3.5638428e+00
   6.7200000e-01  -3.7284896e+00
   6.7400000e-01  -3.8904791e+00
   6.7600000e-01  -4.0496011e+00
   6.7800000e-01  -4.2056423e+00
   6.8000000e-01  -4.3583864e+00
   6.8200000e-01  -4.5076141e+00
   6.8400000e-01  -4.6531032e+00
   6.8600000e-01  -4.7946289e+00
   6.8800000e-01  -4.9319636e+00
   6.9000000e-01  -5.0648772e+00
   6.9200000e-01  -5.1931370e+00
   6.9400000e-01  -5.3165081e+00
   6.9600000e-01  -5.4347534e+00
   6.9800000e-01  -5.5476335e+00
   7.0000000e-01  -5.6549072e+00
   7.0200000e-01  -5.7563313e+00
   7.0400000e-01  -5.8516610e+00
   7.0600000e-01  -5.9406498e+00
   7.0800000e-01  -6.0230499e+00
   7.1000000e-01  -6.0986121e+00
   7.1200000e-01  -6.1670862e+00
   7.1400000e-01  -6.2282209e+00
   7.1600000e-01  -6.2817644e+00
   7.1800000e-01  -6.3274640e+00
   7.2000000e-01  -6.3650667e+00
   7.2200000e-01  -6.3943193e+00
   7.2400000e-01  -6.4149685e+00
   7.2600000e-01  -6.4267613e+00
   7.2800000e-01  -6.4294449e+00
   7.3000000e-01  -6.4227671e+00
   7.3200000e-01  -6.4064767e+00
   7.3400000e-01  -6.3803235e+00
   7.3600000e-01  -6.3440584e+00
   7.3800000e-01  -6.2974340e+00
   7.4000000e-01  -6.2402047e+00
   7.4200000e-01  -6.1721268e+00
   7.4400000e-01  -6.0929591e+00
   7.4600000e-01  -6.0024627e+00
   7.4800000e-01  -5.9004018e+00
   7.5000000e-01  -5.7865437e+00
   7.5200000e-01  -5.6606592e+00
   7.5400000e-01  -5.5225226e+00
   7.5600000e-01  -5.3719127e+00
   7.5800000e-01  -5.2086122e+00
   7.6000000e-01  -5.0324090e+00
   7.6200000e-01  -4.8430958e+00
   7.6400000e-01  -4.6404708e+00
   7.6600000e-01  -4.4243378e+00
   7.6800000e-01  -4.1945071e+00
   7.7000000e-01  -3.9507952e+00
   7.7200000e-01  -3.6930257e+00
   7.7400000e-01  -3.4210294e+00
   7.7600000e-01  -3.1346449e+00
   7.7800000e-01  -2.8337189e+00
   7.8000000e-01  -2.5181065e+00
   7.8200000e-01  -2.1876721e+00
   7.8400000e-01  -1.8422893e+00
   7.8600000e-01  -1.4818417e+00
   7.8800000e-01  -1.1062231e+00
   7.9000000e-01  -7.1533847e-01
   7.9200000e-01  -3.0910377e-01
   7.9400000e-01   1.1255302e-01
   7.9600000e-01   5.4969162e-01
   7.9800000e-01   1.0023589e+00
   8.0000000e-01   1.4705882e+00
   8.0200000e-01   1.9543992e+00
   8.0400000e-01   2.4537967e+00
   8.0600000e-01   2.9687707e+00
   8.0800000e-01   3.4992955e+00
   8.1000000e-01   4.0453289e+00
   8.1200000e-01   4.6068122e+00
   8.1400000e-01   5.1836688e+00
   8.1600000e-01   5.7758044e+00
   8.1800000e-01   6.3831057e+00
   8.2000000e-01   7.0054398e+00
   8.2200000e-01   7.6426541e+00
   8.2400000e-01   8.2945749e+00
   8.2600000e-01   8.9610071e+00
   8.2800000e-01   9.6417334e+00
   8.3000000e-01   1.0336514e+01
   8.3200000e-01   1.1045083e+01
   8.3400000e-01   1.1767155e+01
   8.3600000e-01   1.2502414e+01
   8.3800000e-01   1.3250522e+01
   8.4000000e-01   1.4011111e+01
   8.4200000e-01   1.4783788e+01
   8.4400000e-01   1.5568130e+01
   8.4600000e-01   1.6363686e+01
   8.4800000e-01   1.7169973e+01
   8.5000000e-01   1.7986478e+01
   8.5200000e-01   1.8812656e+01
   8.5400000e-01   1.9647930e+01
   8.5600000e-01   2.0491687e+01
   8.5800000e-01   2.1343280e+01
   8.6000000e-01   2.2202029e+01
   8.6200000e-01   2.3067212e+01
   8.6400000e-01   2.3938075e+01
   8.6600000e-01   2.4813821e+01
   8.6800000e-01   2.5693615e+01
   8.7000000e-01   2.6576582e+01
   8.7200000e-01   2.7461802e+01
   8.7400000e-01   2.8348316e+01
   8.7600000e-01   2.9235118e+01
   8.7800000e-01   3.0121157e+01
   8.8000000e-01   3.1005337e+01
   8.8200000e-01   3.1886514e+01
   8.8400000e-01   3.2763494e+01
   8.8600000e-01   3.3635035e+01
   8.8800000e-01   3.4499842e+01
   8.9000000e-01   3.5356569e+01
   8.9200000e-01   3.6203814e+01
   8.9400000e-01   3.7040124e+01
   8.9600000e-01   3.7863985e+01
   8.9800000e-01   3.8673828e+01
   9.0000000e-01   3.9468025e+01
   9.0200000e-01   4.0244887e+01
   9.0400000e-01   4.1002662e+01
   9.0600000e-01   4.1739538e+01
   9.0800000e-01   4.2453636e+01
   9.1000000e-01   4.3143009e+01
   9.1200000e-01   4.3805647e+01
   9.1400000e-01   4.4439467e+01
   9.1600000e-01   4.5042317e+01
   9.1800000e-01   4.5611972e+01
   9.2000000e-01   4.6146134e+01
   9.2200000e-01   4.6642429e+01
   9.2400000e-01   4.7098404e+01
   9.2600000e-01   4.7511531e+01
   9.2800000e-01   4.7879199e+01
   9.3000000e-01   4.8198715e+01
   9.3200000e-01   4.8467303e+01
   9.3400000e-01   4.8682099e+01
   9.3600000e-01   4.8840155e+01
   9.3800000e-01   4.8938431e+01
   9.4000000e-01   4.8973796e+01
   9.4200000e-01   4.8943027e+01
   9.4400000e-01   4.8842806e+01
   9.4600000e-01   4.8669718e+01
   9.4800000e-01   4.8420247e+01
   9.5000000e-01   4.8090779e+01
   9.5200000e-01   4.7677596e+01
   9.5400000e-01   4.7176875e+01
   9.5600000e-01   4.6584686e+01
   9.5800000e-01   4.5896990e+01
   9.6000000e-01   4.5109636e+01
   9.6200000e-01   4.4218362e+01
   9.6400000e-01   4.3218788e+01
   9.6600000e-01   4.2106416e+01
   9.6800000e-01   4.0876630e+01
   9.7000000e-01   3.9524689e+01
   9.7200000e-01   3.8045729e+01
   9.7400000e-01   3.6434759e+01
   9.7600000e-01   3.4686657e+01
   9.7800000e-01   3.2796171e+01
   9.8000000e-01   3.0757914e+01
   9.8200000e-01   2.8566361e+01
   9.8400000e-01   2.6215848e+01
   9.8600000e-01   2.3700571e+01
   9.8800000e-01   2.1014580e+01
   9.9000000e-01   1.8151776e+01
   9.9200000e-01   1.5105914e+01
   9.9400000e-01   1.1870593e+01
   9.9600000e-01   8.4392586e+00
   9.9800000e-01   4.8051984e+00
   1.0000000e+00   9.6153846e-01
