   0.0000000e+00   8.1472369e-01
   2.5000000e-02   8.5992094e-01
   5.0000000e-02   9.0211991e-01
   7.5000000e-02   9.4138355e-01
   1.0000000e-01   9.7777479e-01
   1.2500000e-01   1.0113566e+00
   1.5000000e-01   1.0421918e+00
   1.7500000e-01   1.0703435e+00
   2.0000000e-01   1.0958745e+00
   2.2500000e-01   1.1188479e+00
   2.5000000e-01   1.1393264e+00
   2.7500000e-01   1.1573731e+00
   3.0000000e-01   1.1730510e+00
   3.2500000e-01   1.1864229e+00
   3.5000000e-01   1.1975518e+00
   3.7500000e-01   1.2065006e+00
   4.0000000e-01   1.2133322e+00
   4.2500000e-01   1.2181097e+00
   4.5000000e-01   1.2208959e+00
   4.7500000e-01   1.2217538e+00
   5.0000000e-01   1.2207463e+00
   5.2500000e-01   1.2179364e+00
   5.5000000e-01   1.2133869e+00
   5.7500000e-01   1.2071609e+00
   6.0000000e-01   1.1993213e+00
   6.2500000e-01   1.1899310e+00
   6.5000000e-01   1.1790529e+00
   6.7500000e-01   1.1667501e+00
   7.0000000e-01   1.1530853e+00
   7.2500000e-01   1.1381216e+00
   7.5000000e-01   1.1219220e+00
   7.7500000e-01   1.1045492e+00
   8.0000000e-01   1.0860664e+00
   8.2500000e-01   1.0665363e+00
   8.5000000e-01   1.0460221e+00
   8.7500000e-01   1.0245865e+00
   9.0000000e-01   1.0022926e+00
   9.2500000e-01   9.7920319e-01
   9.5000000e-01   9.5538134e-01
   9.7500000e-01   9.3088994e-01
   1.0000000e+00   9.0579194e-01
   1.0250000e+00   8.8015026e-01
   1.0500000e+00   8.5402785e-01
   1.0750000e+00   8.2748764e-01
   1.1000000e+00   8.0059258e-01
   1.1250000e+00   7.7340561e-01
   1.1500000e+00   7.4598965e-01
   1.1750000e+00   7.1840766e-01
   1.2000000e+00   6.9072257e-01
   1.2250000e+00   6.6299731e-01
   1.2500000e+00   6.3529483e-01
   1.2750000e+00   6.0767807e-01
   1.3000000e+00   5.8020996e-01
   1.3250000e+00   5.5295344e-01
   1.3500000e+00   5.2597145e-01
   1.3750000e+00   4.9932693e-01
   1.4000000e+00   4.7308282e-01
   1.4250000e+00   4.4730205e-01
   1.4500000e+00   4.2204757e-01
   1.4750000e+00   3.9738232e-01
   1.5000000e+00   3.7336922e-01
   1.5250000e+00   3.5007123e-01
   1.5500000e+00   3.2755127e-01
   1.5750000e+00   3.0587230e-01
   1.6000000e+00   2.8509724e-01
   1.6250000e+00   2.6528903e-01
   1.6500000e+00   2.4651062e-01
   1.6750000e+00   2.2882495e-01
   1.7000000e+00   2.1229494e-01
   1.7250000e+00   1.9698354e-01
   1.7500000e+00   1.8295369e-01
   1.7750000e+00   1.7026833e-01
   1.8000000e+00   1.5899039e-01
   1.8250000e+00   1.4918281e-01
   1.8500000e+00   1.4090854e-01
   1.8750000e+00   1.3423051e-01
   1.9000000e+00   1.2921166e-01
   1.9250000e+00   1.2591492e-01
   1.9500000e+00   1.2440325e-01
   1.9750000e+00   1.2473956e-01
   2.0000000e+00   1.2698682e-01
   2.0250000e+00   1.3118305e-01
   2.0500000e+00   1.3726675e-01
   2.0750000e+00   1.4515151e-01
   2.1000000e+00   1.5475093e-01
   2.1250000e+00   1.6597860e-01
   2.1500000e+00   1.7874812e-01
   2.1750000e+00   1.9297307e-01
   2.2000000e+00   2.0856707e-01
   2.2250000e+00   2.2544369e-01
   2.2500000e+00   2.4351653e-01
   2.2750000e+00   2.6269920e-01
   2.3000000e+00   2.8290528e-01
   2.3250000e+00   3.0404836e-01
   2.3500000e+00   3.2604205e-01
   2.3750000e+00   3.4879994e-01
   2.4000000e+00   3.7223562e-01
   2.4250000e+00   3.9626269e-01
   2.4500000e+00   4.2079474e-01
   2.4750000e+00   4.4574537e-01
   2.5000000e+00   4.7102816e-01
   2.5250000e+00   4.9655673e-01
   2.5500000e+00   5.2224465e-01
   2.5750000e+00   5.4800553e-01
   2.6000000e+00   5.7375296e-01
   2.6250000e+00   5.9940053e-01
   2.6500000e+00   6.2486184e-01
   2.6750000e+00   6.5005049e-01
   2.7000000e+00   6.7488006e-01
   2.7250000e+00   6.9926416e-01
   2.7500000e+00   7.2311638e-01
   2.7750000e+00   7.4635031e-01
   2.8000000e+00   7.6887954e-01
   2.8250000e+00   7.9061768e-01
   2.8500000e+00   8.1147832e-01
   2.8750000e+00   8.3137504e-01
   2.9000000e+00   8.5022146e-01
   2.9250000e+00   8.6793115e-01
   2.9500000e+00   8.8441772e-01
   2.9750000e+00   8.9959475e-01
   3.0000000e+00   9.1337586e-01
   3.0250000e+00   9.2569500e-01
   3.0500000e+00   9.3656768e-01
   3.0750000e+00   9.4602977e-01
   3.1000000e+00   9.5411715e-01
   3.1250000e+00   9.6086569e-01
   3.1500000e+00   9.6631128e-01
   3.1750000e+00   9.7048978e-01
   3.2000000e+00   9.7343708e-01
   3.2250000e+00   9.7518905e-01
   3.2500000e+00   9.7578157e-01
   3.2750000e+00   9.7525051e-01
   3.3000000e+00   9.7363176e-01
   3.3250000e+00   9.7096118e-01
   3.3500000e+00   9.6727465e-01
   3.3750000e+00   9.6260805e-01
   3.4000000e+00   9.5699727e-01
   3.4250000e+00   9.5047816e-01
   3.4500000e+00   9.4308662e-01
   3.4750000e+00   9.3485851e-01
   3.5000000e+00   9.2582971e-01
   3.5250000e+00   9.1603610e-01
   3.5500000e+00   9.0551356e-01
   3.5750000e+00   8.9429796e-01
   3.6000000e+00   8.8242518e-01
   3.6250000e+00   8.6993109e-01
   3.6500000e+00   8.5685158e-01
   3.6750000e+00   8.4322251e-01
   3.7000000e+00   8.2907977e-01
   3.7250000e+00   8.1445923e-01
   3.7500000e+00   7.9939677e-01
   3.7750000e+00   7.8392826e-01
   3.8000000e+00   7.6808958e-01
   3.8250000e+00   7.5191661e-01
   3.8500000e+00   7.3544523e-01
   3.8750000e+00   7.1871130e-01
   3.9000000e+00   7.0175071e-01
   3.9250000e+00   6.8459933e-01
   3.9500000e+00   6.6729305e-01
   3.9750000e+00   6.4986772e-01
   4.0000000e+00   6.3235925e-01
   4.0250000e+00   6.1480070e-01
   4.0500000e+00   5.9721405e-01
   4.0750000e+00   5.7961847e-01
   4.1000000e+00   5.6203313e-01
   4.1250000e+00   5.4447721e-01
   4.1500000e+00   5.2696989e-01
   4.1750000e+00   5.0953033e-01
   4.2000000e+00   4.9217771e-01
   4.2250000e+00   4.7493121e-01
   4.2500000e+00   4.5780999e-01
   4.2750000e+00   4.4083325e-01
   4.3000000e+00   4.2402014e-01
   4.3250000e+00   4.0738985e-01
   4.3500000e+00   3.9096155e-01
   4.3750000e+00   3.7475442e-01
   4.4000000e+00   3.5878762e-01
   4.4250000e+00   3.4308034e-01
   4.4500000e+00   3.2765175e-01
   4.4750000e+00   3.1252102e-01
   4.5000000e+00   2.9770732e-01
   4.5250000e+00   2.8322984e-01
   4.5500000e+00   2.6910775e-01
   4.5750000e+00   2.5536022e-01
   4.6000000e+00   2.4200642e-01
   4.6250000e+00   2.2906554e-01
   4.6500000e+00   2.1655674e-01
   4.6750000e+00   2.0449920e-01
   4.7000000e+00   1.9291210e-01
   4.7250000e+00   1.8181461e-01
   4.7500000e+00   1.7122590e-01
   4.7750000e+00   1.6116515e-01
   4.8000000e+00   1.5165154e-01
   4.8250000e+00   1.4270423e-01
   4.8500000e+00   1.3434241e-01
   4.8750000e+00   1.2658525e-01
   4.9000000e+00   1.1945191e-01
   4.9250000e+00   1.1296159e-01
   4.9500000e+00   1.0713345e-01
   4.9750000e+00   1.0198666e-01
   5.0000000e+00   9.7540405e-02
   5.0250000e+00   9.3807047e-02
   5.0500000e+00   9.0771718e-02
   5.0750000e+00   8.8412741e-02
   5.1000000e+00   8.6708438e-02
   5.1250000e+00   8.5637132e-02
   5.1500000e+00   8.5177147e-02
   5.1750000e+00   8.5306804e-02
   5.2000000e+00   8.6004428e-02
   5.2250000e+00   8.7248340e-02
   5.2500000e+00   8.9016863e-02
   5.2750000e+00   9.1288321e-02
   5.3000000e+00   9.4041036e-02
   5.3250000e+00   9.7253331e-02
   5.3500000e+00   1.0090353e-01
   5.3750000e+00   1.0496995e-01
   5.4000000e+00   1.0943093e-01
   5.4250000e+00   1.1426477e-01
   5.4500000e+00   1.1944981e-01
   5.4750000e+00   1.2496436e-01
   5.5000000e+00   1.3078676e-01
   5.5250000e+00   1.3689531e-01
   5.5500000e+00   1.4326836e-01
   5.5750000e+00   1.4988421e-01
   5.6000000e+00   1.5672119e-01
   5.6250000e+00   1.6375763e-01
   5.6500000e+00   1.7097184e-01
   5.6750000e+00   1.7834216e-01
   5.7000000e+00   1.8584690e-01
   5.7250000e+00   1.9346438e-01
   5.7500000e+00   2.0117293e-01
   5.7750000e+00   2.0895087e-01
   5.8000000e+00   2.1677653e-01
   5.8250000e+00   2.2462822e-01
   5.8500000e+00   2.3248427e-01
   5.8750000e+00   2.4032301e-01
   5.9000000e+00   2.4812275e-01
   5.9250000e+00   2.5586182e-01
   5.9500000e+00   2.6351853e-01
   5.9750000e+00   2.7107123e-01
   6.0000000e+00   2.7849822e-01
   6.0250000e+00   2.8578288e-01
   6.0500000e+00   2.9292879e-01
   6.0750000e+00   2.9994456e-01
   6.1000000e+00   3.0683884e-01
   6.1250000e+00   3.1362024e-01
   6.1500000e+00   3.2029739e-01
   6.1750000e+00   3.2687891e-01
   6.2000000e+00   3.3337344e-01
   6.2250000e+00   3.3978959e-01
   6.2500000e+00   3.4613600e-01
   6.2750000e+00   3.5242129e-01
   6.3000000e+00   3.5865409e-01
   6.3250000e+00   3.6484301e-01
   6.3500000e+00   3.7099670e-01
   6.3750000e+00   3.7712377e-01
   6.4000000e+00   3.8323285e-01
   6.4250000e+00   3.8933256e-01
   6.4500000e+00   3.9543154e-01
   6.4750000e+00   4.0153841e-01
   6.5000000e+00   4.0766179e-01
   6.5250000e+00   4.1381031e-01
   6.5500000e+00   4.1999260e-01
   6.5750000e+00   4.2621728e-01
   6.6000000e+00   4.3249298e-01
   6.6250000e+00   4.3882832e-01
   6.6500000e+00   4.4523193e-01
   6.6750000e+00   4.5171244e-01
   6.7000000e+00   4.5827848e-01
   6.7250000e+00   4.6493866e-01
   6.7500000e+00   4.7170161e-01
   6.7750000e+00   4.7857597e-01
   6.8000000e+00   4.8557036e-01
   6.8250000e+00   4.9269339e-01
   6.8500000e+00   4.9995371e-01
   6.8750000e+00   5.0735993e-01
   6.9000000e+00   5.1492068e-01
   6.9250000e+00   5.2264459e-01
   6.9500000e+00   5.3054028e-01
   6.9750000e+00   5.3861638e-01
   7.0000000e+00   5.4688152e-01
   7.0250000e+00   5.5534160e-01
   7.0500000e+00   5.6399165e-01
   7.0750000e+00   5.7282399e-01
   7.1000000e+00   5.8183092e-01
   7.1250000e+00   5.9100476e-01
   7.1500000e+00   6.0033783e-01
   7.1750000e+00   6.0982243e-01
   7.2000000e+00   6.1945087e-01
   7.2250000e+00   6.2921547e-01
   7.2500000e+00   6.3910855e-01
   7.2750000e+00   6.4912240e-01
   7.3000000e+00   6.5924935e-01
   7.3250000e+00   6.6948170e-01
   7.3500000e+00   6.7981177e-01
   7.3750000e+00   6.9023187e-01
   7.4000000e+00   7.0073431e-01
   7.4250000e+00   7.1131141e-01
   7.4500000e+00   7.2195547e-01
   7.4750000e+00   7.3265881e-01
   7.5000000e+00   7.4341374e-01
   7.5250000e+00   7.5421257e-01
   7.5500000e+00   7.6504762e-01
   7.5750000e+00   7.7591119e-01
   7.6000000e+00   7.8679561e-01
   7.6250000e+00   7.9769317e-01
   7.6500000e+00   8.0859619e-01
   7.6750000e+00   8.1949699e-01
   7.7000000e+00   8.3038788e-01
   7.7250000e+00   8.4126116e-01
   7.7500000e+00   8.5210915e-01
   7.7750000e+00   8.6292417e-01
   7.8000000e+00   8.7369852e-01
   7.8250000e+00   8.8442452e-01
   7.8500000e+00   8.9509448e-01
   7.8750000e+00   9.0570071e-01
   7.9000000e+00   9.1623552e-01
   7.9250000e+00   9.2669123e-01
   7.9500000e+00   9.3706014e-01
   7.9750000e+00   9.4733457e-01
   8.0000000e+00   9.5750684e-01
   8.0250000e+00   9.6756569e-01
   8.0500000e+00   9.7748567e-01
   8.0750000e+00   9.8723777e-01
   8.1000000e+00   9.9679297e-01
   8.1250000e+00   1.0061223e+00
   8.1500000e+00   1.0151966e+00
   8.1750000e+00   1.0239871e+00
   8.2000000e+00   1.0324645e+00
   8.2250000e+00   1.0406000e+00
   8.2500000e+00   1.0483646e+00
   8.2750000e+00   1.0557291e+00
   8.3000000e+00   1.0626646e+00
   8.3250000e+00   1.0691422e+00
   8.3500000e+00   1.0751326e+00
   8.3750000e+00   1.0806071e+00
   8.4000000e+00   1.0855365e+00
   8.4250000e+00   1.0898918e+00
   8.4500000e+00   1.0936440e+00
   8.4750000e+00   1.0967641e+00
   8.5000000e+00   1.0992231e+00
   8.5250000e+00   1.1009920e+00
   8.5500000e+00   1.1020417e+00
   8.5750000e+00   1.1023433e+00
   8.6000000e+00   1.1018677e+00
   8.6250000e+00   1.1005860e+00
   8.6500000e+00   1.0984690e+00
   8.6750000e+00   1.0954878e+00
   8.7000000e+00   1.0916134e+00
   8.7250000e+00   1.0868168e+00
   8.7500000e+00   1.0810689e+00
   8.7750000e+00   1.0743408e+00
   8.8000000e+00   1.0666034e+00
   8.8250000e+00   1.0578277e+00
   8.8500000e+00   1.0479847e+00
   8.8750000e+00   1.0370454e+00
   8.9000000e+00   1.0249807e+00
   8.9250000e+00   1.0117617e+00
   8.9500000e+00   9.9735936e-01
   8.9750000e+00   9.8174464e-01
   9.0000000e+00   9.6488854e-01
   9.0250000e+00   9.4678106e-01
   9.0500000e+00   9.2748837e-01
   9.0750000e+00   9.0709561e-01
   9.1000000e+00   8.8568798e-01
   9.1250000e+00   8.6335064e-01
   9.1500000e+00   8.4016876e-01
   9.1750000e+00   8.1622752e-01
   9.2000000e+00   7.9161208e-01
   9.2250000e+00   7.6640762e-01
   9.2500000e+00   7.4069931e-01
   9.2750000e+00   7.1457232e-01
   9.3000000e+00   6.8811183e-01
   9.3250000e+00   6.6140301e-01
   9.3500000e+00   6.3453102e-01
   9.3750000e+00   6.0758104e-01
   9.4000000e+00   5.8063825e-01
   9.4250000e+00   5.5378781e-01
   9.4500000e+00   5.2711489e-01
   9.4750000e+00   5.0070468e-01
   9.5000000e+00   4.7464233e-01
   9.5250000e+00   4.4901303e-01
   9.5500000e+00   4.2390194e-01
   9.5750000e+00   3.9939424e-01
   9.6000000e+00   3.7557510e-01
   9.6250000e+00   3.5252968e-01
   9.6500000e+00   3.3034317e-01
   9.6750000e+00   3.0910074e-01
   9.7000000e+00   2.8888755e-01
   9.7250000e+00   2.6978878e-01
   9.7500000e+00   2.5188959e-01
   9.7750000e+00   2.3527517e-01
   9.8000000e+00   2.2003069e-01
   9.8250000e+00   2.0624131e-01
   9.8500000e+00   1.9399221e-01
   9.8750000e+00   1.8336856e-01
   9.9000000e+00   1.7445553e-01
   9.9250000e+00   1.6733830e-01
   9.9500000e+00   1.6210203e-01
   9.9750000e+00   1.5883190e-01
   1.0000000e+01   1.5761308e-01
   1.0025000e+01   1.5850265e-01
   1.0050000e+01   1.6144530e-01
   1.0075000e+01   1.6635762e-01
   1.0100000e+01   1.7315623e-01
   1.0125000e+01   1.8175771e-01
   1.0150000e+01   1.9207867e-01
   1.0175000e+01   2.0403570e-01
   1.0200000e+01   2.1754540e-01
   1.0225000e+01   2.3252438e-01
   1.0250000e+01   2.4888922e-01
   1.0275000e+01   2.6655653e-01
   1.0300000e+01   2.8544291e-01
   1.0325000e+01   3.0546495e-01
   1.0350000e+01   3.2653926e-01
   1.0375000e+01   3.4858243e-01
   1.0400000e+01   3.7151106e-01
   1.0425000e+01   3.9524175e-01
   1.0450000e+01   4.1969109e-01
   1.0475000e+01   4.4477570e-01
   1.0500000e+01   4.7041216e-01
   1.0525000e+01   4.9651707e-01
   1.0550000e+01   5.2300704e-01
   1.0575000e+01   5.4979866e-01
   1.0600000e+01   5.7680852e-01
   1.0625000e+01   6.0395324e-01
   1.0650000e+01   6.3114940e-01
   1.0675000e+01   6.5831361e-01
   1.0700000e+01   6.8536246e-01
   1.0725000e+01   7.1221255e-01
   1.0750000e+01   7.3878048e-01
   1.0775000e+01   7.6498286e-01
   1.0800000e+01   7.9073627e-01
   1.0825000e+01   8.1595732e-01
   1.0850000e+01   8.4056261e-01
   1.0875000e+01   8.6446873e-01
   1.0900000e+01   8.8759228e-01
   1.0925000e+01   9.0984986e-01
   1.0950000e+01   9.3115807e-01
   1.0975000e+01   9.5143351e-01
   1.1000000e+01   9.7059278e-01
   1.1025000e+01   9.8856955e-01
   1.1050000e+01   1.0053658e+00
   1.1075000e+01   1.0210006e+00
   1.1100000e+01   1.0354930e+00
   1.1125000e+01   1.0488621e+00
   1.1150000e+01   1.0611269e+00
   1.1175000e+01   1.0723064e+00
   1.1200000e+01   1.0824198e+00
   1.1225000e+01   1.0914861e+00
   1.1250000e+01   1.0995244e+00
   1.1275000e+01   1.1065537e+00
   1.1300000e+01   1.1125931e+00
   1.1325000e+01   1.1176616e+00
   1.1350000e+01   1.1217782e+00
   1.1375000e+01   1.1249622e+00
   1.1400000e+01   1.1272325e+00
   1.1425000e+01   1.1286081e+00
   1.1450000e+01   1.1291082e+00
   1.1475000e+01   1.1287517e+00
   1.1500000e+01   1.1275578e+00
   1.1525000e+01   1.1255455e+00
   1.1550000e+01   1.1227339e+00
   1.1575000e+01   1.1191421e+00
   1.1600000e+01   1.1147890e+00
   1.1625000e+01   1.1096937e+00
   1.1650000e+01   1.1038754e+00
   1.1675000e+01   1.0973530e+00
   1.1700000e+01   1.0901456e+00
   1.1725000e+01   1.0822724e+00
   1.1750000e+01   1.0737523e+00
   1.1775000e+01   1.0646043e+00
   1.1800000e+01   1.0548477e+00
   1.1825000e+01   1.0445013e+00
   1.1850000e+01   1.0335844e+00
   1.1875000e+01   1.0221159e+00
   1.1900000e+01   1.0101149e+00
   1.1925000e+01   9.9760039e-01
   1.1950000e+01   9.8459155e-01
   1.1975000e+01   9.7110738e-01
   1.2000000e+01   9.5716695e-01
   1.2025000e+01   9.4279308e-01
   1.2050000e+01   9.2802367e-01
   1.2075000e+01   9.1290040e-01
   1.2100000e+01   8.9746492e-01
   1.2125000e+01   8.8175892e-01
   1.2150000e+01   8.6582405e-01
   1.2175000e+01   8.4970198e-01
   1.2200000e+01   8.3343439e-01
   1.2225000e+01   8.1706293e-01
   1.2250000e+01   8.0062929e-01
   1.2275000e+01   7.8417512e-01
   1.2300000e+01   7.6774210e-01
   1.2325000e+01   7.5137189e-01
   1.2350000e+01   7.3510617e-01
   1.2375000e+01   7.1898659e-01
   1.2400000e+01   7.0305484e-01
   1.2425000e+01   6.8735257e-01
   1.2450000e+01   6.7192145e-01
   1.2475000e+01   6.5680316e-01
   1.2500000e+01   6.4203936e-01
   1.2525000e+01   6.2767172e-01
   1.2550000e+01   6.1374190e-01
   1.2575000e+01   6.0029159e-01
   1.2600000e+01   5.8736243e-01
   1.2625000e+01   5.7499612e-01
   1.2650000e+01   5.6323430e-01
   1.2675000e+01   5.5211865e-01
   1.2700000e+01   5.4169084e-01
   1.2725000e+01   5.3199253e-01
   1.2750000e+01   5.2306540e-01
   1.2775000e+01   5.1495111e-01
   1.2800000e+01   5.0769133e-01
   1.2825000e+01   5.0132772e-01
   1.2850000e+01   4.9590197e-01
   1.2875000e+01   4.9145573e-01
   1.2900000e+01   4.8803067e-01
   1.2925000e+01   4.8566847e-01
   1.2950000e+01   4.8441079e-01
   1.2975000e+01   4.8429929e-01
   1.3000000e+01   4.8537565e-01
   1.3025000e+01   4.8766309e-01
   1.3050000e+01   4.9111104e-01
   1.3075000e+01   4.9565051e-01
   1.3100000e+01   5.0121247e-01
   1.3125000e+01   5.0772793e-01
   1.3150000e+01   5.1512788e-01
   1.3175000e+01   5.2334330e-01
   1.3200000e+01   5.3230520e-01
   1.3225000e+01   5.4194456e-01
   1.3250000e+01   5.5219237e-01
   1.3275000e+01   5.6297963e-01
   1.3300000e+01   5.7423733e-01
   1.3325000e+01   5.8589647e-01
   1.3350000e+01   5.9788803e-01
   1.3375000e+01   6.1014300e-01
   1.3400000e+01   6.2259239e-01
   1.3425000e+01   6.3516717e-01
   1.3450000e+01   6.4779835e-01
   1.3475000e+01   6.6041692e-01
   1.3500000e+01   6.7295387e-01
   1.3525000e+01   6.8534018e-01
   1.3550000e+01   6.9750686e-01
   1.3575000e+01   7.0938490e-01
   1.3600000e+01   7.2090528e-01
   1.3625000e+01   7.3199901e-01
   1.3650000e+01   7.4259706e-01
   1.3675000e+01   7.5263044e-01
   1.3700000e+01   7.6203014e-01
   1.3725000e+01   7.7072715e-01
   1.3750000e+01   7.7865246e-01
   1.3775000e+01   7.8573706e-01
   1.3800000e+01   7.9191196e-01
   1.3825000e+01   7.9710812e-01
   1.3850000e+01   8.0125656e-01
   1.3875000e+01   8.0428827e-01
   1.3900000e+01   8.0613423e-01
   1.3925000e+01   8.0672543e-01
   1.3950000e+01   8.0599288e-01
   1.3975000e+01   8.0386756e-01
   1.4000000e+01   8.0028047e-01
   1.4025000e+01   7.9518565e-01
   1.4050000e+01   7.8862942e-01
   1.4075000e+01   7.8068113e-01
   1.4100000e+01   7.7141014e-01
   1.4125000e+01   7.6088582e-01
   1.4150000e+01   7.4917754e-01
   1.4175000e+01   7.3635465e-01
   1.4200000e+01   7.2248652e-01
   1.4225000e+01   7.0764251e-01
   1.4250000e+01   6.9189198e-01
   1.4275000e+01   6.7530430e-01
   1.4300000e+01   6.5794883e-01
   1.4325000e+01   6.3989493e-01
   1.4350000e+01   6.2121197e-01
   1.4375000e+01   6.0196931e-01
   1.4400000e+01   5.8223631e-01
   1.4425000e+01   5.6208233e-01
   1.4450000e+01   5.4157674e-01
   1.4475000e+01   5.2078890e-01
   1.4500000e+01   4.9978817e-01
   1.4525000e+01   4.7864392e-01
   1.4550000e+01   4.5742551e-01
   1.4575000e+01   4.3620230e-01
   1.4600000e+01   4.1504365e-01
   1.4625000e+01   3.9401894e-01
   1.4650000e+01   3.7319751e-01
   1.4675000e+01   3.5264874e-01
   1.4700000e+01   3.3244198e-01
   1.4725000e+01   3.1264661e-01
   1.4750000e+01   2.9333198e-01
   1.4775000e+01   2.7456745e-01
   1.4800000e+01   2.5642239e-01
   1.4825000e+01   2.3896616e-01
   1.4850000e+01   2.2226813e-01
   1.4875000e+01   2.0639765e-01
   1.4900000e+01   1.9142410e-01
   1.4925000e+01   1.7741683e-01
   1.4950000e+01   1.6444520e-01
   1.4975000e+01   1.5257858e-01
   1.5000000e+01   1.4188634e-01
   1.5025000e+01   1.3242140e-01
   1.5050000e+01   1.2417095e-01
   1.5075000e+01   1.1710578e-01
   1.5100000e+01   1.1119663e-01
   1.5125000e+01   1.0641428e-01
   1.5150000e+01   1.0272950e-01
   1.5175000e+01   1.0011304e-01
   1.5200000e+01   9.8535673e-02
   1.5225000e+01   9.7968165e-02
   1.5250000e+01   9.8381281e-02
   1.5275000e+01   9.9745786e-02
   1.5300000e+01   1.0203245e-01
   1.5325000e+01   1.0521203e-01
   1.5350000e+01   1.0925529e-01
   1.5375000e+01   1.1413301e-01
   1.5400000e+01   1.1981594e-01
   1.5425000e+01   1.2627485e-01
   1.5450000e+01   1.3348052e-01
   1.5475000e+01   1.4140369e-01
   1.5500000e+01   1.5001514e-01
   1.5525000e+01   1.5928564e-01
   1.5550000e+01   1.6918594e-01
   1.5575000e+01   1.7968682e-01
   1.5600000e+01   1.9075903e-01
   1.5625000e+01   2.0237336e-01
   1.5650000e+01   2.1450055e-01
   1.5675000e+01   2.2711138e-01
   1.5700000e+01   2.4017661e-01
   1.5725000e+01   2.5366701e-01
   1.5750000e+01   2.6755334e-01
   1.5775000e+01   2.8180636e-01
   1.5800000e+01   2.9639685e-01
   1.5825000e+01   3.1129557e-01
   1.5850000e+01   3.2647328e-01
   1.5875000e+01   3.4190075e-01
   1.5900000e+01   3.5754875e-01
   1.5925000e+01   3.7338803e-01
   1.5950000e+01   3.8938937e-01
   1.5975000e+01   4.0552353e-01
   1.6000000e+01   4.2176128e-01
   1.6025000e+01   4.3807487e-01
   1.6050000e+01   4.5444249e-01
   1.6075000e+01   4.7084383e-01
   1.6100000e+01   4.8725858e-01
   1.6125000e+01   5.0366642e-01
   1.6150000e+01   5.2004703e-01
   1.6175000e+01   5.3638010e-01
   1.6200000e+01   5.5264532e-01
   1.6225000e+01   5.6882236e-01
   1.6250000e+01   5.8489091e-01
   1.6275000e+01   6.0083066e-01
   1.6300000e+01   6.1662129e-01
   1.6325000e+01   6.3224248e-01
   1.6350000e+01   6.4767393e-01
   1.6375000e+01   6.6289531e-01
   1.6400000e+01   6.7788631e-01
   1.6425000e+01   6.9262661e-01
   1.6450000e+01   7.0709590e-01
   1.6475000e+01   7.2127386e-01
   1.6500000e+01   7.3514018e-01
   1.6525000e+01   7.4867454e-01
   1.6550000e+01   7.6185662e-01
   1.6575000e+01   7.7466612e-01
   1.6600000e+01   7.8708271e-01
   1.6625000e+01   7.9908608e-01
   1.6650000e+01   8.1065591e-01
   1.6675000e+01   8.2177189e-01
   1.6700000e+01   8.3241370e-01
   1.6725000e+01   8.4256103e-01
   1.6750000e+01   8.5219356e-01
   1.6775000e+01   8.6129098e-01
   1.6800000e+01   8.6983296e-01
   1.6825000e+01   8.7779920e-01
   1.6850000e+01   8.8516939e-01
   1.6875000e+01   8.9192319e-01
   1.6900000e+01   8.9804030e-01
   1.6925000e+01   9.0350041e-01
   1.6950000e+01   9.0828319e-01
   1.6975000e+01   9.1236833e-01
   1.7000000e+01   9.1573553e-01
   1.7025000e+01   9.1837325e-01
   1.7050000e+01   9.2030525e-01
   1.7075000e+01   9.2156404e-01
   1.7100000e+01   9.2218217e-01
   1.7125000e+01   9.2219216e-01
   1.7150000e+01   9.2162655e-01
   1.7175000e+01   9.2051788e-01
   1.7200000e+01   9.1889867e-01
   1.7225000e+01   9.1680147e-01
   1.7250000e+01   9.1425881e-01
   1.7275000e+01   9.1130321e-01
   1.7300000e+01   9.0796722e-01
   1.7325000e+01   9.0428338e-01
   1.7350000e+01   9.0028420e-01
   1.7375000e+01   8.9600223e-01
   1.7400000e+01   8.9147000e-01
   1.7425000e+01   8.8672005e-01
   1.7450000e+01   8.8178490e-01
   1.7475000e+01   8.7669710e-01
   1.7500000e+01   8.7148918e-01
   1.7525000e+01   8.6619367e-01
   1.7550000e+01   8.6084310e-01
   1.7575000e+01   8.5547001e-01
   1.7600000e+01   8.5010694e-01
   1.7625000e+01   8.4478641e-01
   1.7650000e+01   8.3954096e-01
   1.7675000e+01   8.3440313e-01
   1.7700000e+01   8.2940545e-01
   1.7725000e+01   8.2458045e-01
   1.7750000e+01   8.1996067e-01
   1.7775000e+01   8.1557865e-01
   1.7800000e+01   8.1146690e-01
   1.7825000e+01   8.0765798e-01
   1.7850000e+01   8.0418441e-01
   1.7875000e+01   8.0107873e-01
   1.7900000e+01   7.9837347e-01
   1.7925000e+01   7.9610117e-01
   1.7950000e+01   7.9429435e-01
   1.7975000e+01   7.9298556e-01
   1.8000000e+01   7.9220733e-01
   1.8025000e+01   7.9198266e-01
   1.8050000e+01   7.9229641e-01
   1.8075000e+01   7.9312392e-01
   1.8100000e+01   7.9444053e-01
   1.8125000e+01   7.9622156e-01
   1.8150000e+01   7.9844236e-01
   1.8175000e+01   8.0107825e-01
   1.8200000e+01   8.0410457e-01
   1.8225000e+01   8.0749665e-01
   1.8250000e+01   8.1122984e-01
   1.8275000e+01   8.1527945e-01
   1.8300000e+01   8.1962083e-01
   1.8325000e+01   8.2422931e-01
   1.8350000e+01   8.2908023e-01
   1.8375000e+01   8.3414891e-01
   1.8400000e+01   8.3941069e-01
   1.8425000e+01   8.4484091e-01
   1.8450000e+01   8.5041490e-01
   1.8475000e+01   8.5610800e-01
   1.8500000e+01   8.6189553e-01
   1.8525000e+01   8.6775283e-01
   1.8550000e+01   8.7365524e-01
   1.8575000e+01   8.7957809e-01
   1.8600000e+01   8.8549671e-01
   1.8625000e+01   8.9138644e-01
   1.8650000e+01   8.9722261e-01
   1.8675000e+01   9.0298056e-01
   1.8700000e+01   9.0863562e-01
   1.8725000e+01   9.1416312e-01
   1.8750000e+01   9.1953840e-01
   1.8775000e+01   9.2473679e-01
   1.8800000e+01   9.2973362e-01
   1.8825000e+01   9.3450424e-01
   1.8850000e+01   9.3902396e-01
   1.8875000e+01   9.4326814e-01
   1.8900000e+01   9.4721210e-01
   1.8925000e+01   9.5083117e-01
   1.8950000e+01   9.5410070e-01
   1.8975000e+01   9.5699600e-01
   1.9000000e+01   9.5949243e-01
   1.9025000e+01   9.6156853e-01
   1.9050000e+01   9.6321579e-01
   1.9075000e+01   9.6442892e-01
   1.9100000e+01   9.6520262e-01
   1.9125000e+01   9.6553160e-01
   1.9150000e+01   9.6541056e-01
   1.9175000e+01   9.6483421e-01
   1.9200000e+01   9.6379726e-01
   1.9225000e+01   9.6229441e-01
   1.9250000e+01   9.6032037e-01
   1.9275000e+01   9.5786985e-01
   1.9300000e+01   9.5493756e-01
   1.9325000e+01   9.5151819e-01
   1.9350000e+01   9.4760646e-01
   1.9375000e+01   9.4319708e-01
   1.9400000e+01   9.3828474e-01
   1.9425000e+01   9.3286416e-01
   1.9450000e+01   9.2693005e-01
   1.9475000e+01   9.2047710e-01
   1.9500000e+01   9.1350003e-01
   1.9525000e+01   9.0599354e-01
   1.9550000e+01   8.9795235e-01
   1.9575000e+01   8.8937114e-01
   1.9600000e+01   8.8024464e-01
   1.9625000e+01   8.7056755e-01
   1.9650000e+01   8.6033457e-01
   1.9675000e+01   8.4954042e-01
   1.9700000e+01   8.3817979e-01
   1.9725000e+01   8.2624740e-01
   1.9750000e+01   8.1373796e-01
   1.9775000e+01   8.0064615e-01
   1.9800000e+01   7.8696671e-01
   1.9825000e+01   7.7269432e-01
   1.9850000e+01   7.5782371e-01
   1.9875000e+01   7.4234957e-01
   1.9900000e+01   7.2626660e-01
   1.9925000e+01   7.0956953e-01
   1.9950000e+01   6.9225305e-01
   1.9975000e+01   6.7431187e-01
   2.0000000e+01   6.5574070e-01
   2.0025000e+01   6.3654518e-01
   2.0050000e+01   6.1677473e-01
   2.0075000e+01   5.9648968e-01
   2.0100000e+01   5.7575040e-01
   2.0125000e+01   5.5461722e-01
   2.0150000e+01   5.3315050e-01
   2.0175000e+01   5.1141058e-01
   2.0200000e+01   4.8945782e-01
   2.0225000e+01   4.6735255e-01
   2.0250000e+01   4.4515514e-01
   2.0275000e+01   4.2292593e-01
   2.0300000e+01   4.0072526e-01
   2.0325000e+01   3.7861349e-01
   2.0350000e+01   3.5665097e-01
   2.0375000e+01   3.3489803e-01
   2.0400000e+01   3.1341504e-01
   2.0425000e+01   2.9226234e-01
   2.0450000e+01   2.7150027e-01
   2.0475000e+01   2.5118920e-01
   2.0500000e+01   2.3138945e-01
   2.0525000e+01   2.1216140e-01
   2.0550000e+01   1.9356537e-01
   2.0575000e+01   1.7566172e-01
   2.0600000e+01   1.5851081e-01
   2.0625000e+01   1.4217297e-01
   2.0650000e+01   1.2670856e-01
   2.0675000e+01   1.1217792e-01
   2.0700000e+01   9.8641402e-02
   2.0725000e+01   8.6159359e-02
   2.0750000e+01   7.4792135e-02
   2.0775000e+01   6.4600081e-02
   2.0800000e+01   5.5643543e-02
   2.0825000e+01   4.7982871e-02
   2.0850000e+01   4.1678413e-02
   2.0875000e+01   3.6790518e-02
   2.0900000e+01   3.3379534e-02
   2.0925000e+01   3.1505809e-02
   2.0950000e+01   3.1229693e-02
   2.0975000e+01   3.2611533e-02
   2.1000000e+01   3.5711679e-02
   2.1025000e+01   4.0568409e-02
   2.1050000e+01   4.7131729e-02
   2.1075000e+01   5.5329574e-02
   2.1100000e+01   6.5089881e-02
   2.1125000e+01   7.6340587e-02
   2.1150000e+01   8.9009626e-02
   2.1175000e+01   1.0302494e-01
   2.1200000e+01   1.1831445e-01
   2.1225000e+01   1.3480611e-01
   2.1250000e+01   1.5242784e-01
   2.1275000e+01   1.7110760e-01
   2.1300000e+01   1.9077330e-01
   2.1325000e+01   2.1135288e-01
   2.1350000e+01   2.3277429e-01
   2.1375000e+01   2.5496546e-01
   2.1400000e+01   2.7785433e-01
   2.1425000e+01   3.0136882e-01
   2.1450000e+01   3.2543688e-01
   2.1475000e+01   3.4998645e-01
   2.1500000e+01   3.7494545e-01
   2.1525000e+01   4.0024183e-01
   2.1550000e+01   4.2580352e-01
   2.1575000e+01   4.5155846e-01
   2.1600000e+01   4.7743458e-01
   2.1625000e+01   5.0335982e-01
   2.1650000e+01   5.2926212e-01
   2.1675000e+01   5.5506940e-01
   2.1700000e+01   5.8070962e-01
   2.1725000e+01   6.0611070e-01
   2.1750000e+01   6.3120058e-01
   2.1775000e+01   6.5590719e-01
   2.1800000e+01   6.8015848e-01
   2.1825000e+01   7.0388238e-01
   2.1850000e+01   7.2700682e-01
   2.1875000e+01   7.4945974e-01
   2.1900000e+01   7.7116907e-01
   2.1925000e+01   7.9206276e-01
   2.1950000e+01   8.1206874e-01
   2.1975000e+01   8.3111494e-01
   2.2000000e+01   8.4912931e-01
   2.2025000e+01   8.6605598e-01
   2.2050000e+01   8.8190397e-01
   2.2075000e+01   8.9669850e-01
   2.2100000e+01   9.1046478e-01
   2.2125000e+01   9.2322804e-01
   2.2150000e+01   9.3501349e-01
   2.2175000e+01   9.4584636e-01
   2.2200000e+01   9.5575186e-01
   2.2225000e+01   9.6475522e-01
   2.2250000e+01   9.7288165e-01
   2.2275000e+01   9.8015637e-01
   2.2300000e+01   9.8660460e-01
   2.2325000e+01   9.9225157e-01
   2.2350000e+01   9.9712249e-01
   2.2375000e+01   1.0012426e+00
   2.2400000e+01   1.0046371e+00
   2.2425000e+01   1.0073312e+00
   2.2450000e+01   1.0093501e+00
   2.2475000e+01   1.0107191e+00
   2.2500000e+01   1.0114633e+00
   2.2525000e+01   1.0116081e+00
   2.2550000e+01   1.0111785e+00
   2.2575000e+01   1.0101999e+00
   2.2600000e+01   1.0086974e+00
   2.2625000e+01   1.0066963e+00
   2.2650000e+01   1.0042218e+00
   2.2675000e+01   1.0012991e+00
   2.2700000e+01   9.9795338e-01
   2.2725000e+01   9.9420994e-01
   2.2750000e+01   9.9009397e-01
   2.2775000e+01   9.8563068e-01
   2.2800000e+01   9.8084530e-01
   2.2825000e+01   9.7576305e-01
   2.2850000e+01   9.7040914e-01
   2.2875000e+01   9.6480880e-01
   2.2900000e+01   9.5898724e-01
   2.2925000e+01   9.5296969e-01
   2.2950000e+01   9.4678136e-01
   2.2975000e+01   9.4044747e-01
   2.3000000e+01   9.3399325e-01
   2.3025000e+01   9.2744097e-01
   2.3050000e+01   9.2080118e-01
   2.3075000e+01   9.1408147e-01
   2.3100000e+01   9.0728944e-01
   2.3125000e+01   9.0043270e-01
   2.3150000e+01   8.9351885e-01
   2.3175000e+01   8.8655549e-01
   2.3200000e+01   8.7955021e-01
   2.3225000e+01   8.7251063e-01
   2.3250000e+01   8.6544433e-01
   2.3275000e+01   8.5835892e-01
   2.3300000e+01   8.5126201e-01
   2.3325000e+01   8.4416119e-01
   2.3350000e+01   8.3706406e-01
   2.3375000e+01   8.2997822e-01
   2.3400000e+01   8.2291128e-01
   2.3425000e+01   8.1587084e-01
   2.3450000e+01   8.0886449e-01
   2.3475000e+01   8.0189984e-01
   2.3500000e+01   7.9498448e-01
   2.3525000e+01   7.8812603e-01
   2.3550000e+01   7.8133207e-01
   2.3575000e+01   7.7461021e-01
   2.3600000e+01   7.6796806e-01
   2.3625000e+01   7.6141321e-01
   2.3650000e+01   7.5495325e-01
   2.3675000e+01   7.4859581e-01
   2.3700000e+01   7.4234846e-01
   2.3725000e+01   7.3621883e-01
   2.3750000e+01   7.3021449e-01
   2.3775000e+01   7.2434307e-01
   2.3800000e+01   7.1861215e-01
   2.3825000e+01   7.1302934e-01
   2.3850000e+01   7.0760224e-01
   2.3875000e+01   7.0233844e-01
   2.3900000e+01   6.9724556e-01
   2.3925000e+01   6.9233119e-01
   2.3950000e+01   6.8760293e-01
   2.3975000e+01   6.8306839e-01
   2.4000000e+01   6.7873515e-01
   2.4025000e+01   6.7461084e-01
   2.4050000e+01   6.7070303e-01
   2.4075000e+01   6.6701935e-01
   2.4100000e+01   6.6356738e-01
   2.4125000e+01   6.6035473e-01
   2.4150000e+01   6.5738899e-01
   2.4175000e+01   6.5467778e-01
   2.4200000e+01   6.5222868e-01
   2.4225000e+01   6.5004931e-01
   2.4250000e+01   6.4814726e-01
   2.4275000e+01   6.4653013e-01
   2.4300000e+01   6.4520552e-01
   2.4325000e+01   6.4418104e-01
   2.4350000e+01   6.4346428e-01
   2.4375000e+01   6.4306285e-01
   2.4400000e+01   6.4298434e-01
   2.4425000e+01   6.4323636e-01
   2.4450000e+01   6.4382651e-01
   2.4475000e+01   6.4476239e-01
   2.4500000e+01   6.4605160e-01
   2.4525000e+01   6.4770173e-01
   2.4550000e+01   6.4972040e-01
   2.4575000e+01   6.5211520e-01
   2.4600000e+01   6.5489373e-01
   2.4625000e+01   6.5806360e-01
   2.4650000e+01   6.6163240e-01
   2.4675000e+01   6.6560773e-01
   2.4700000e+01   6.6999720e-01
   2.4725000e+01   6.7480841e-01
   2.4750000e+01   6.8004896e-01
   2.4775000e+01   6.8572644e-01
   2.4800000e+01   6.9184846e-01
   2.4825000e+01   6.9842262e-01
   2.4850000e+01   7.0545652e-01
   2.4875000e+01   7.1295777e-01
   2.4900000e+01   7.2093395e-01
   2.4925000e+01   7.2939268e-01
   2.4950000e+01   7.3834155e-01
   2.4975000e+01   7.4778817e-01
   2.5000000e+01   7.5774013e-01
