   0.0000000e+00   1.2688336e+00
   1.0101010e-02   1.9204662e+00
   2.0202020e-02  -1.2204838e-01
   3.0303030e-02   1.4426625e+00
   4.0404040e-02   1.1755302e+00
   5.0505051e-02   3.6726790e-01
   6.0606061e-02   8.0969479e-01
   7.0707071e-02   1.2036177e+00
   8.0808081e-02   2.8277763e+00
   9.0909091e-02   2.4300478e+00
   1.0101010e-01   3.7763826e-01
   1.1111111e-01   2.5778184e+00
   1.2121212e-01   1.4313779e+00
   1.3131313e-01   1.0460332e+00
   1.4141414e-01   1.4444044e+00
   1.5151515e-01   9.9463137e-01
   1.6161616e-01   1.0457544e+00
   1.7171717e-01   1.8640399e+00
   1.8181818e-01   1.8357469e+00
   1.9191919e-01   1.8525601e+00
   2.0202020e-01   1.4931640e+00
   2.1212121e-01   5.6786240e-01
   2.2222222e-01   1.5451763e+00
   2.3232323e-01   2.0174079e+00
   2.4242424e-01   1.4632743e+00
   2.5252525e-01   1.7535366e+00
   2.6262626e-01   1.6178425e+00
   2.7272727e-01   1.1217581e+00
   2.8282828e-01   1.4403834e+00
   2.9292929e-01   9.2068748e-01
   3.0303030e-01   1.7803416e+00
   3.1313131e-01   7.8537905e-01
   3.2323232e-01   8.4822620e-01
   3.3333333e-01   1.0026581e+00
   3.4343434e-01  -3.8968389e-02
   3.5353535e-01   2.1791721e+00
   3.6363636e-01   1.6504490e+00
   3.7373737e-01   1.1393466e+00
   3.8383838e-01   2.2320240e+00
   3.9393939e-01   7.2230896e-01
   4.0404040e-01   1.5592886e+00
   4.1414141e-01   1.5232007e+00
   4.2424242e-01   1.8382354e+00
   4.3434343e-01   1.8709843e+00
   4.4444444e-01   1.3192747e+00
   4.5454545e-01   1.7751071e+00
   4.6464646e-01   1.7473913e+00
   4.7474747e-01   2.1846842e+00
   4.8484848e-01   2.4597864e+00
   4.9494949e-01   2.5114582e+00
   5.0505051e-01   1.5700297e+00
   5.1515152e-01   2.0869585e+00
   5.2525253e-01   1.4890531e+00
   5.3535354e-01   1.5886254e+00
   5.4545455e-01   2.1926685e+00
   5.5555556e-01   3.0146005e+00
   5.6565657e-01   1.9171410e+00
   5.7575758e-01   2.5428700e+00
   5.8585859e-01   2.3011348e+00
   5.9595960e-01   3.0309129e+00
   6.0606061e-01   1.9875935e+00
   6.1616162e-01   2.6098999e+00
   6.2626263e-01   2.9330064e+00
   6.3636364e-01   3.2718178e+00
   6.4646465e-01   3.5600579e+00
   6.5656566e-01   2.8990481e+00
   6.6666667e-01   2.1801308e+00
   6.7676768e-01   2.6263529e+00
   6.8686869e-01   2.5400471e+00
   6.9696970e-01   4.3211785e+00
   7.0707071e-01   2.9150603e+00
   7.1717172e-01   3.6756320e+00
   7.2727273e-01   3.2859595e+00
   7.3737374e-01   3.9089135e+00
   7.4747475e-01   3.1665093e+00
   7.5757576e-01   2.9340326e+00
   7.6767677e-01   3.0121417e+00
   7.7777778e-01   4.0575400e+00
   7.8787879e-01   3.8168415e+00
   7.9797980e-01   3.9015827e+00
   8.0808081e-01   4.8053606e+00
   8.1818182e-01   4.3396314e+00
   8.2828283e-01   4.3929376e+00
   8.3838384e-01   5.1901552e+00
   8.4848485e-01   4.0984488e+00
   8.5858586e-01   4.9554941e+00
   8.6868687e-01   5.1333719e+00
   8.7878788e-01   4.7047835e+00
   8.8888889e-01   5.0474784e+00
   8.9898990e-01   4.4719343e+00
   9.0909091e-01   4.5983251e+00
   9.1919192e-01   5.3444381e+00
   9.2929293e-01   5.7751025e+00
   9.3939394e-01   6.8309931e+00
   9.4949495e-01   5.3313930e+00
   9.5959596e-01   5.8874353e+00
   9.6969697e-01   5.8838161e+00
   9.7979798e-01   5.0922292e+00
   9.8989899e-01   5.9753404e+00
   1.0000000e+00   5.4359939e+00
