   0.0000000e+00   1.0000000e+00   1.0000000e+00   1.0000000e+00   1.0000000e+00   1.0000000e+00
   5.0000000e-05   9.2041076e-01   9.6433535e-01   9.7477498e-01   9.8830356e-01   9.9000000e-01
   1.0000000e-04   8.4082153e-01   9.2867071e-01   9.4954996e-01   9.7660712e-01   9.8000000e-01
   1.5000000e-04   7.6435343e-01   8.9329024e-01   9.2442564e-01   9.6491739e-01   9.7000000e-01
   2.0000000e-04   6.8788534e-01   8.5790978e-01   8.9930132e-01   9.5322766e-01   9.6000000e-01
   2.5000000e-04   6.1729941e-01   8.2309091e-01   8.7437720e-01   9.4155132e-01   9.5000000e-01
   3.0000000e-04   5.4671348e-01   7.8827204e-01   8.4945307e-01   9.2987497e-01   9.4000000e-01
   3.5000000e-04   4.8411841e-01   7.5427891e-01   8.2482625e-01   9.1821864e-01   9.3000000e-01
   4.0000000e-04   4.2152334e-01   7.2028578e-01   8.0019943e-01   9.0656231e-01   9.2000000e-01
   4.5000000e-04   3.6820162e-01   6.8736331e-01   7.7596351e-01   8.9493255e-01   9.1000000e-01
   5.0000000e-04   3.1487989e-01   6.5444083e-01   7.5172760e-01   8.8330278e-01   9.0000000e-01
   5.5000000e-04   2.7125302e-01   6.2280943e-01   7.2797160e-01   8.7170602e-01   8.9000000e-01
   6.0000000e-04   2.2762616e-01   5.9117803e-01   7.0421560e-01   8.6010926e-01   8.8000000e-01
   6.5000000e-04   1.9334790e-01   5.6102936e-01   6.8102298e-01   8.4855182e-01   8.7000000e-01
   7.0000000e-04   1.5906965e-01   5.3088068e-01   6.5783036e-01   8.3699437e-01   8.6000000e-01
   7.5000000e-04   1.3321062e-01   5.0237434e-01   6.3527817e-01   8.2548240e-01   8.5000000e-01
   8.0000000e-04   1.0735159e-01   4.7386800e-01   6.1272599e-01   8.1397043e-01   8.4000000e-01
   8.5000000e-04   8.8626080e-02   4.4712950e-01   5.9088410e-01   8.0250990e-01   8.3000000e-01
   9.0000000e-04   6.9900574e-02   4.2039100e-01   5.6904222e-01   7.9104937e-01   8.2000000e-01
   9.5000000e-04   5.6887934e-02   3.9551077e-01   5.4797274e-01   7.7964606e-01   8.1000000e-01
   1.0000000e-03   4.3875294e-02   3.7063054e-01   5.2690326e-01   7.6824274e-01   8.0000000e-01
   1.0500000e-03   3.5200200e-02   3.4766418e-01   5.0666003e-01   7.5690219e-01   7.9000000e-01
   1.1000000e-03   2.6525107e-02   3.2469782e-01   4.8641680e-01   7.4556163e-01   7.8000000e-01
   1.1500000e-03   2.0978736e-02   3.0366731e-01   4.6704510e-01   7.3428913e-01   7.7000000e-01
   1.2000000e-03   1.5432365e-02   2.8263681e-01   4.4767340e-01   7.2301663e-01   7.6000000e-01
   1.2500000e-03   1.2032976e-02   2.6353277e-01   4.2920975e-01   7.1181720e-01   7.5000000e-01
   1.3000000e-03   8.6335869e-03   2.4442872e-01   4.1074609e-01   7.0061777e-01   7.4000000e-01
   1.3500000e-03   6.6371205e-03   2.2721329e-01   3.9321822e-01   6.8949615e-01   7.3000000e-01
   1.4000000e-03   4.6406541e-03   2.0999786e-01   3.7569034e-01   6.7837453e-01   7.2000000e-01
   1.4500000e-03   3.5176417e-03   1.9460831e-01   3.5911729e-01   6.6733514e-01   7.1000000e-01
   1.5000000e-03   2.3946294e-03   1.7921876e-01   3.4254424e-01   6.5629576e-01   7.0000000e-01
   1.5500000e-03   1.7899304e-03   1.6557142e-01   3.2693660e-01   6.4534270e-01   6.9000000e-01
   1.6000000e-03   1.1852314e-03   1.5192408e-01   3.1132896e-01   6.3438965e-01   6.8000000e-01
   1.6500000e-03   8.7371984e-04   1.3991853e-01   2.9668923e-01   6.2352669e-01   6.7000000e-01
   1.7000000e-03   5.6220825e-04   1.2791297e-01   2.8204950e-01   6.1266372e-01   6.6000000e-01
   1.7500000e-03   4.0877717e-04   1.1743622e-01   2.6837253e-01   6.0189425e-01   6.5000000e-01
   1.8000000e-03   2.5534609e-04   1.0695946e-01   2.5469556e-01   5.9112477e-01   6.4000000e-01
   1.8500000e-03   1.8314322e-04   9.7890028e-02   2.4196910e-01   5.8045182e-01   6.3000000e-01
   1.9000000e-03   1.1094036e-04   8.8820597e-02   2.2924263e-01   5.6977886e-01   6.2000000e-01
   1.9500000e-03   7.8501396e-05   8.1032350e-02   2.1744796e-01   5.5920507e-01   6.1000000e-01
   2.0000000e-03   4.6062430e-05   7.3244102e-02   2.0565328e-01   5.4863128e-01   6.0000000e-01
   2.0500000e-03   3.2160015e-05   6.6609669e-02   1.9476586e-01   5.3815891e-01   5.9000000e-01
   2.1000000e-03   1.8257601e-05   5.9975236e-02   1.8387844e-01   5.2768654e-01   5.8000000e-01
   2.1500000e-03   1.2579150e-05   5.4369018e-02   1.7386866e-01   5.1731745e-01   5.7000000e-01
   2.2000000e-03   6.9006991e-06   4.8762800e-02   1.6385889e-01   5.0694836e-01   5.6000000e-01
   2.2500000e-03   4.6924126e-06   4.4063470e-02   1.5469280e-01   4.9668398e-01   5.5000000e-01
   2.3000000e-03   2.4841261e-06   3.9364140e-02   1.4552671e-01   4.8641961e-01   5.4000000e-01
   2.3500000e-03   1.6673626e-06   3.5456638e-02   1.3716675e-01   4.7626099e-01   5.3000000e-01
   2.4000000e-03   8.5059916e-07   3.1549136e-02   1.2880680e-01   4.6610237e-01   5.2000000e-01
   2.4500000e-03   5.6362820e-07   2.8326161e-02   1.2121255e-01   4.5605012e-01   5.1000000e-01
   2.5000000e-03   2.7665725e-07   2.5103185e-02   1.1361830e-01   4.4599787e-01   5.0000000e-01
   2.5500000e-03   1.8100026e-07   2.2466205e-02   1.0674719e-01   4.3605217e-01   4.9000000e-01
   2.6000000e-03   8.5343277e-08   1.9829225e-02   9.9876076e-02   4.2610648e-01   4.8000000e-01
   2.6500000e-03   5.5135808e-08   1.7689067e-02   9.3684077e-02   4.1626713e-01   4.7000000e-01
   2.7000000e-03   2.4928339e-08   1.5548909e-02   8.7492077e-02   4.0642777e-01   4.6000000e-01
   2.7500000e-03   1.5905328e-08   1.3825966e-02   8.1934333e-02   3.9669410e-01   4.5000000e-01
   2.8000000e-03   6.8823182e-09   1.2103023e-02   7.6376589e-02   3.8696043e-01   4.4000000e-01
   2.8500000e-03   4.3373666e-09   1.0727148e-02   7.1408010e-02   3.7733139e-01   4.3000000e-01
   2.9000000e-03   1.7924150e-09   9.3512727e-03   6.6439430e-02   3.6770234e-01   4.2000000e-01
   2.9500000e-03   1.1159089e-09   8.2614216e-03   6.2015221e-02   3.5817645e-01   4.1000000e-01
   3.0000000e-03   4.3940278e-10   7.1715705e-03   5.7591012e-02   3.4865056e-01   4.0000000e-01
   3.0500000e-03   2.7027625e-10   6.3152589e-03   5.3667140e-02   3.3922594e-01   3.9000000e-01
   3.1000000e-03   1.0114972e-10   5.4589472e-03   4.9743268e-02   3.2980131e-01   3.8000000e-01
   3.1500000e-03   6.1478066e-11   4.7915726e-03   4.6276870e-02   3.2047568e-01   3.7000000e-01
   3.2000000e-03   2.1806411e-11   4.1241979e-03   4.2810471e-02   3.1115005e-01   3.6000000e-01
   3.2500000e-03   1.3097999e-11   3.6082840e-03   3.9760187e-02   3.0192073e-01   3.5000000e-01
   3.3000000e-03   4.3895865e-12   3.0923701e-03   3.6709903e-02   2.9269142e-01   3.4000000e-01
   3.3500000e-03   2.6059358e-12   2.6967750e-03   3.4036156e-02   2.8355537e-01   3.3000000e-01
   3.4000000e-03   8.2228514e-13   2.3011798e-03   3.1362408e-02   2.7441933e-01   3.2000000e-01
   3.4500000e-03   4.8254215e-13   2.0003041e-03   2.9027608e-02   2.6537314e-01   3.1000000e-01
   3.5000000e-03   1.4279916e-13   1.6994284e-03   2.6692808e-02   2.5632695e-01   3.0000000e-01
   3.5500000e-03   8.2844519e-14   1.4724510e-03   2.4661509e-02   2.4736685e-01   2.9000000e-01
   3.6000000e-03   2.2889874e-14   1.2454736e-03   2.2630211e-02   2.3840675e-01   2.8000000e-01
   3.6500000e-03   1.3129816e-14   1.0756357e-03   2.0869205e-02   2.2952863e-01   2.7000000e-01
   3.7000000e-03   3.3697571e-15   9.0579779e-04   1.9108198e-02   2.2065051e-01   2.6000000e-01
   3.7500000e-03   1.9113575e-15   7.7974811e-04   1.7586554e-02   2.1184994e-01   2.5000000e-01
   3.8000000e-03   4.5295800e-16   6.5369842e-04   1.6064909e-02   2.0304936e-01   2.4000000e-01
   3.8500000e-03   2.5408533e-16   5.6090728e-04   1.4753972e-02   1.9432161e-01   2.3000000e-01
   3.9000000e-03   5.5212669e-17   4.6811614e-04   1.3443036e-02   1.8559385e-01   2.2000000e-01
   3.9500000e-03   3.0632902e-17   4.0036146e-04   1.2316382e-02   1.7693390e-01   2.1000000e-01
   4.0000000e-03   6.0531343e-18   3.3260678e-04   1.1189728e-02   1.6827394e-01   2.0000000e-01
   4.0500000e-03   3.3220490e-18   2.8353078e-04   1.0223082e-02   1.5967649e-01   1.9000000e-01
   4.1000000e-03   5.9096370e-19   2.3445479e-04   9.2564350e-03   1.5107905e-01   1.8000000e-01
   4.1500000e-03   3.2085637e-19   1.9918794e-04   8.4275524e-03   1.4253859e-01   1.7000000e-01
   4.2000000e-03   5.0749032e-20   1.6392110e-04   7.5986698e-03   1.3399812e-01   1.6000000e-01
   4.2500000e-03   2.7261437e-20   1.3876771e-04   6.8872008e-03   1.2550888e-01   1.5000000e-01
   4.3000000e-03   3.7738430e-21   1.1361432e-04   6.1757317e-03   1.1701965e-01   1.4000000e-01
   4.3500000e-03   2.0059595e-21   9.5793261e-05   5.5630545e-03   1.0857568e-01   1.3000000e-01
   4.4000000e-03   2.3807608e-22   7.7972203e-05   4.9503772e-03   1.0013172e-01   1.2000000e-01
   4.4500000e-03   1.2523245e-22   6.5405577e-05   4.4194162e-03   9.1726889e-02   1.1000000e-01
   4.5000000e-03   1.2388827e-23   5.2838951e-05   3.8884551e-03   8.3322063e-02   9.9999999e-02
   4.5500000e-03   6.4496889e-24   4.3981470e-05   3.4234836e-03   7.4950090e-02   9.0000000e-02
   4.6000000e-03   5.1055078e-25   3.5123989e-05   2.9585122e-03   6.6578116e-02   8.0000000e-02
   4.6500000e-03   2.6308669e-25   2.8826053e-05   2.5449435e-03   5.8232582e-02   7.0000000e-02
   4.7000000e-03   1.5622601e-26   2.2528117e-05   2.1313749e-03   4.9887047e-02   6.0000000e-02
   4.7500000e-03   7.9690729e-27   1.7925941e-05   1.7555439e-03   4.1561432e-02   5.0000000e-02
   4.8000000e-03   3.1554436e-28   1.3323765e-05   1.3797129e-03   3.3235817e-02   4.0000000e-02
   4.8500000e-03   1.5934990e-28   9.7503926e-06   1.0286509e-03   2.4923525e-02   3.0000000e-02
   4.9000000e-03   3.1554436e-30   6.1770200e-06   6.7758898e-04   1.6611233e-02   2.0000000e-02
   4.9500000e-03   1.5777218e-30   3.0885100e-06   3.3879449e-04   8.3056167e-03   9.9999999e-03
   5.0000000e-03   0.0000000e+00   0.0000000e+00   0.0000000e+00   0.0000000e+00   0.0000000e+00
