   0.0000000e+00   1.0000000e+00   0.0000000e+00
   5.0288017e-08   1.0000502e+00  -5.0236464e-05
   1.0057603e-07   1.0001004e+00  -1.0047040e-04
   1.5086405e-07   1.0001506e+00  -1.5070181e-04
   2.0115207e-07   1.0002007e+00  -2.0093068e-04
   4.5259215e-07   1.0004516e+00  -4.5203715e-04
   7.0403223e-07   1.0007024e+00  -7.0308043e-04
   9.5547232e-07   1.0009531e+00  -9.5406053e-04
   1.2069124e-06   1.0012038e+00  -1.2049775e-03
   2.4641128e-06   1.0024562e+00  -2.4586153e-03
   3.7213132e-06   1.0037070e+00  -3.7106764e-03
   4.9785136e-06   1.0049562e+00  -4.9611629e-03
   6.2357141e-06   1.0062038e+00  -6.2100767e-03
   1.2521716e-05   1.0124186e+00  -1.2431124e-02
   1.8807718e-05   1.0185943e+00  -1.8613149e-02
   2.5093720e-05   1.0247313e+00  -2.4756397e-02
   3.1379722e-05   1.0308297e+00  -3.0861109e-02
   6.2809733e-05   1.0607523e+00  -6.0815064e-02
   9.4239743e-05   1.0897470e+00  -8.9841228e-02
   1.2566975e-04   1.1178426e+00  -1.1796830e-01
   1.5709976e-04   1.1450670e+00  -1.4522412e-01
   2.9844944e-04   1.2574623e+00  -2.5776069e-01
   4.3979911e-04   1.3549950e+00  -3.5543469e-01
   5.8114878e-04   1.4395960e+00  -4.4017700e-01
   7.2249845e-04   1.5130072e+00  -5.1372944e-01
   9.0294723e-04   1.5928701e+00  -5.9377262e-01
   1.0833960e-03   1.6594685e+00  -6.6055126e-01
   1.2638448e-03   1.7149284e+00  -7.1619146e-01
   1.4442936e-03   1.7611676e+00  -7.6261080e-01
   1.6604682e-03   1.8066800e+00  -8.0833906e-01
   1.8766429e-03   1.8432375e+00  -8.4511239e-01
   2.0928176e-03   1.8724934e+00  -8.7458404e-01
   2.3089922e-03   1.8959693e+00  -8.9827567e-01
   2.5644187e-03   1.9179497e+00  -9.2051083e-01
   2.8198452e-03   1.9348380e+00  -9.3765392e-01
   3.0752717e-03   1.9476849e+00  -9.5075543e-01
   3.3306981e-03   1.9575094e+00  -9.6083461e-01
   3.6350703e-03   1.9663849e+00  -9.7001342e-01
   3.9394425e-03   1.9727527e+00  -9.7668439e-01
   4.2438147e-03   1.9771725e+00  -9.8140730e-01
   4.5481869e-03   1.9802597e+00  -9.8479757e-01
   4.9183164e-03   1.9828923e+00  -9.8779859e-01
   5.2884458e-03   1.9844671e+00  -9.8974163e-01
   5.6585753e-03   1.9852177e+00  -9.9086025e-01
   6.0287047e-03   1.9854935e+00  -9.9150407e-01
   6.4928694e-03   1.9855551e+00  -9.9202692e-01
   6.9570340e-03   1.9852400e+00  -9.9217294e-01
   7.4211986e-03   1.9846024e+00  -9.9199617e-01
   7.8853633e-03   1.9838445e+00  -9.9169886e-01
   8.4919052e-03   1.9828986e+00  -9.9135455e-01
   9.0984472e-03   1.9818283e+00  -9.9088547e-01
   9.7049891e-03   1.9806101e+00  -9.9026812e-01
   1.0311531e-02   1.9793847e+00  -9.8964322e-01
   1.1137993e-02   1.9778833e+00  -9.8895951e-01
   1.1964455e-02   1.9762995e+00  -9.8819265e-01
   1.2790917e-02   1.9745560e+00  -9.8726549e-01
   1.3617379e-02   1.9728517e+00  -9.8637681e-01
   1.4683732e-02   1.9712000e+00  -9.8577642e-01
   1.5750085e-02   1.9692251e+00  -9.8485177e-01
   1.6816438e-02   1.9665002e+00  -9.8317603e-01
   1.7882791e-02   1.9640656e+00  -9.8178946e-01
   1.8627362e-02   1.9630640e+00  -9.8151891e-01
   1.9371934e-02   1.9617966e+00  -9.8098208e-01
   2.0116506e-02   1.9600863e+00  -9.8000177e-01
   2.0861078e-02   1.9584459e+00  -9.7909094e-01
   2.1605649e-02   1.9572380e+00  -9.7861190e-01
   2.2350221e-02   1.9558863e+00  -9.7798862e-01
   2.3094793e-02   1.9542948e+00  -9.7712498e-01
   2.3839364e-02   1.9527418e+00  -9.7629927e-01
   2.4727605e-02   1.9512718e+00  -9.7569622e-01
   2.5615845e-02   1.9496303e+00  -9.7492086e-01
   2.6504085e-02   1.9476317e+00  -9.7378764e-01
   2.7392325e-02   1.9457357e+00  -9.7275623e-01
   2.8366206e-02   1.9444775e+00  -9.7244516e-01
   2.9340087e-02   1.9427818e+00  -9.7169568e-01
   3.0313968e-02   1.9401125e+00  -9.6997163e-01
   3.1287848e-02   1.9377718e+00  -9.6857527e-01
   3.2163638e-02   1.9371505e+00  -9.6880241e-01
   3.3039428e-02   1.9358313e+00  -9.6833093e-01
   3.3915218e-02   1.9330838e+00  -9.6643035e-01
   3.4791008e-02   1.9307281e+00  -9.6492086e-01
   3.5517910e-02   1.9301047e+00  -9.6499924e-01
   3.6244811e-02   1.9290389e+00  -9.6463473e-01
   3.6971713e-02   1.9272634e+00  -9.6355996e-01
   3.7698615e-02   1.9255844e+00  -9.6258130e-01
   3.8396414e-02   1.9245723e+00  -9.6224093e-01
   3.9094213e-02   1.9233790e+00  -9.6171894e-01
   3.9792012e-02   1.9219135e+00  -9.6092421e-01
   4.0489811e-02   1.9204754e+00  -9.6015643e-01
   4.1304064e-02   1.9191214e+00  -9.5958408e-01
   4.2118317e-02   1.9176391e+00  -9.5888272e-01
   4.2932569e-02   1.9159136e+00  -9.5793758e-01
   4.3746822e-02   1.9142442e+00  -9.5704794e-01
   4.4707636e-02   1.9128008e+00  -9.5652380e-01
   4.5668449e-02   1.9110882e+00  -9.5572955e-01
   4.6629263e-02   1.9087806e+00  -9.5433943e-01
   4.7590077e-02   1.9066702e+00  -9.5314563e-01
   4.8539756e-02   1.9058132e+00  -9.5319373e-01
   4.9489436e-02   1.9043082e+00  -9.5259298e-01
   5.0439115e-02   1.9013850e+00  -9.5057319e-01
   5.1388795e-02   1.8989193e+00  -9.4901005e-01
   5.2177088e-02   1.8984507e+00  -9.4928992e-01
   5.2965382e-02   1.8973608e+00  -9.4894799e-01
   5.3753676e-02   1.8951474e+00  -9.4748186e-01
   5.4541969e-02   1.8931609e+00  -9.4624213e-01
   5.5226472e-02   1.8923708e+00  -9.4610002e-01
   5.5910974e-02   1.8913082e+00  -9.4568488e-01
   5.6595476e-02   1.8898490e+00  -9.4487278e-01
   5.7279978e-02   1.8884218e+00  -9.4409221e-01
   5.8020430e-02   1.8872448e+00  -9.4361410e-01
   5.8760881e-02   1.8859413e+00  -9.4300912e-01
   5.9501333e-02   1.8844287e+00  -9.4219444e-01
   6.0241784e-02   1.8829488e+00  -9.4141193e-01
   6.1143327e-02   1.8814978e+00  -9.4080943e-01
   6.2044870e-02   1.8798856e+00  -9.4004492e-01
   6.2946412e-02   1.8779332e+00  -9.3893940e-01
   6.3847955e-02   1.8760817e+00  -9.3793402e-01
   6.4839006e-02   1.8748882e+00  -9.3766990e-01
   6.5830056e-02   1.8732331e+00  -9.3694313e-01
   6.6821107e-02   1.8705404e+00  -9.3517788e-01
   6.7812157e-02   1.8682076e+00  -9.3377162e-01
   6.8686393e-02   1.8677159e+00  -9.3409643e-01
   6.9560629e-02   1.8664842e+00  -9.3368064e-01
   7.0434864e-02   1.8637410e+00  -9.3175257e-01
   7.1309100e-02   1.8614106e+00  -9.3023657e-01
   7.2021310e-02   1.8608631e+00  -9.3035202e-01
   7.2733521e-02   1.8598815e+00  -9.3003288e-01
   7.3445732e-02   1.8582258e+00  -9.2903923e-01
   7.4157942e-02   1.8566494e+00  -9.2812441e-01
   7.4845114e-02   1.8556762e+00  -9.2778902e-01
   7.5532287e-02   1.8545398e+00  -9.2729002e-01
   7.6219459e-02   1.8531643e+00  -9.2655149e-01
   7.6906632e-02   1.8518094e+00  -9.2583309e-01
   7.7725260e-02   1.8504822e+00  -9.2526359e-01
   7.8543888e-02   1.8490392e+00  -9.2457767e-01
   7.9362516e-02   1.8473753e+00  -9.2367024e-01
   8.0181144e-02   1.8457633e+00  -9.2281414e-01
   8.1158536e-02   1.8443517e+00  -9.2230423e-01
   8.2135927e-02   1.8426709e+00  -9.2152411e-01
   8.3113319e-02   1.8403886e+00  -9.2014170e-01
   8.4090711e-02   1.8383113e+00  -9.1896341e-01
   8.5048353e-02   1.8375588e+00  -9.1909090e-01
   8.6005996e-02   1.8361182e+00  -9.1852945e-01
   8.6963639e-02   1.8331635e+00  -9.1645305e-01
   8.7921282e-02   1.8307041e+00  -9.1487114e-01
   8.8700382e-02   1.8303334e+00  -9.1521371e-01
   8.9479482e-02   1.8293304e+00  -9.1492339e-01
   9.0258583e-02   1.8272021e+00  -9.1350721e-01
   9.1037683e-02   1.8252910e+00  -9.1230765e-01
   9.1709398e-02   1.8245471e+00  -9.1217686e-01
   9.2381112e-02   1.8235475e+00  -9.1178992e-01
   9.3052826e-02   1.8221875e+00  -9.1104217e-01
   9.3724541e-02   1.8208498e+00  -9.1031625e-01
   9.4461895e-02   1.8197071e+00  -9.0984468e-01
   9.5199248e-02   1.8184506e+00  -9.0925887e-01
   9.5936602e-02   1.8170071e+00  -9.0848548e-01
   9.6673956e-02   1.8155922e+00  -9.0774023e-01
   9.7585567e-02   1.8141692e+00  -9.0714443e-01
   9.8497178e-02   1.8125935e+00  -9.0639522e-01
   9.9408788e-02   1.8106925e+00  -9.0532001e-01
   1.0032040e-01   1.8088903e+00  -9.0434273e-01
   1.0132447e-01   1.8077571e+00  -9.0411728e-01
   1.0232855e-01   1.8061470e+00  -9.0341411e-01
   1.0333263e-01   1.8034585e+00  -9.0163157e-01
   1.0433670e-01   1.8011516e+00  -9.0022965e-01
   1.0520974e-01   1.8007614e+00  -9.0062570e-01
   1.0608277e-01   1.7996054e+00  -9.0025523e-01
   1.0695580e-01   1.7968872e+00  -8.9832176e-01
   1.0782884e-01   1.7945940e+00  -8.9681277e-01
   1.0853024e-01   1.7941063e+00  -8.9695458e-01
   1.0923163e-01   1.7931939e+00  -8.9667118e-01
   1.0993303e-01   1.7916383e+00  -8.9574415e-01
   1.1063443e-01   1.7901491e+00  -8.9488315e-01
   1.1131376e-01   1.7892140e+00  -8.9455601e-01
   1.1199309e-01   1.7881289e+00  -8.9407843e-01
   1.1267242e-01   1.7868281e+00  -8.9338482e-01
   1.1335175e-01   1.7855435e+00  -8.9270691e-01
   1.1417326e-01   1.7842498e+00  -8.9214643e-01
   1.1499478e-01   1.7828497e+00  -8.9147890e-01
   1.1581629e-01   1.7812456e+00  -8.9060679e-01
   1.1663781e-01   1.7796901e+00  -8.8978262e-01
   1.1762704e-01   1.7783154e+00  -8.8928782e-01
   1.1861627e-01   1.7766743e+00  -8.8852576e-01
   1.1960549e-01   1.7744344e+00  -8.8716398e-01
   1.2059472e-01   1.7724025e+00  -8.8600937e-01
   1.2155824e-01   1.7717317e+00  -8.8619225e-01
   1.2252175e-01   1.7703506e+00  -8.8566398e-01
   1.2348526e-01   1.7674006e+00  -8.8356590e-01
   1.2444877e-01   1.7649690e+00  -8.8198551e-01
   1.2522161e-01   1.7646704e+00  -8.8236908e-01
   1.2599444e-01   1.7637374e+00  -8.8211767e-01
   1.2676727e-01   1.7616882e+00  -8.8074950e-01
   1.2754011e-01   1.7598473e+00  -8.7958916e-01
   1.2820289e-01   1.7591435e+00  -8.7946861e-01
   1.2886568e-01   1.7581972e+00  -8.7910513e-01
   1.2952846e-01   1.7569167e+00  -8.7840712e-01
   1.3019124e-01   1.7556522e+00  -8.7772472e-01
   1.3092615e-01   1.7545467e+00  -8.7726416e-01
   1.3166106e-01   1.7533364e+00  -8.7669834e-01
   1.3239596e-01   1.7519546e+00  -8.7596057e-01
   1.3313087e-01   1.7505986e+00  -8.7524812e-01
   1.3404892e-01   1.7492113e+00  -8.7466402e-01
   1.3496697e-01   1.7476789e+00  -8.7393408e-01
   1.3588502e-01   1.7458354e+00  -8.7289243e-01
   1.3680308e-01   1.7440877e+00  -8.7194573e-01
   1.3781611e-01   1.7430063e+00  -8.7174736e-01
   1.3882914e-01   1.7414443e+00  -8.7106752e-01
   1.3984216e-01   1.7387907e+00  -8.6929525e-01
   1.4085519e-01   1.7365284e+00  -8.6791334e-01
   1.4154964e-01   1.7358668e+00  -8.6785468e-01
   1.4224408e-01   1.7349081e+00  -8.6749854e-01
   1.4293853e-01   1.7335068e+00  -8.6669941e-01
   1.4363297e-01   1.7321472e+00  -8.6594162e-01
   1.4432741e-01   1.7311494e+00  -8.6554508e-01
   1.4502186e-01   1.7300403e+00  -8.6503688e-01
   1.4571630e-01   1.7287652e+00  -8.6436229e-01
   1.4641074e-01   1.7275063e+00  -8.6370351e-01
   1.4728693e-01   1.7261656e+00  -8.6311927e-01
   1.4816312e-01   1.7247141e+00  -8.6242364e-01
   1.4903931e-01   1.7230347e+00  -8.6149948e-01
   1.4991549e-01   1.7214193e+00  -8.6063862e-01
   1.5094053e-01   1.7201832e+00  -8.6028438e-01
   1.5196557e-01   1.7185751e+00  -8.5955721e-01
   1.5299061e-01   1.7161170e+00  -8.5797919e-01
   1.5401565e-01   1.7139694e+00  -8.5671078e-01
   1.5473575e-01   1.7132044e+00  -8.5656292e-01
   1.5545584e-01   1.7121757e+00  -8.5615087e-01
   1.5617593e-01   1.7107300e+00  -8.5532134e-01
   1.5689603e-01   1.7093379e+00  -8.5454495e-01
   1.5761612e-01   1.7083197e+00  -8.5414204e-01
   1.5833621e-01   1.7071825e+00  -8.5361978e-01
   1.5905631e-01   1.7058571e+00  -8.5290879e-01
   1.5977640e-01   1.7045564e+00  -8.5222210e-01
   1.6065635e-01   1.7032555e+00  -8.5167080e-01
   1.6153631e-01   1.7018264e+00  -8.5099078e-01
   1.6241626e-01   1.7001330e+00  -8.5004571e-01
   1.6329621e-01   1.6985142e+00  -8.4917462e-01
   1.6429303e-01   1.6973510e+00  -8.4885762e-01
   1.6528985e-01   1.6958195e+00  -8.4817156e-01
   1.6628667e-01   1.6934579e+00  -8.4665449e-01
   1.6728349e-01   1.6913872e+00  -8.4542743e-01
   1.6818501e-01   1.6909104e+00  -8.4571296e-01
   1.6908652e-01   1.6897416e+00  -8.4530575e-01
   1.6998803e-01   1.6871181e+00  -8.4344322e-01
   1.7088954e-01   1.6849194e+00  -8.4200472e-01
   1.7161541e-01   1.6844938e+00  -8.4219070e-01
   1.7234127e-01   1.6836162e+00  -8.4192433e-01
   1.7306714e-01   1.6820154e+00  -8.4093425e-01
   1.7379301e-01   1.6805119e+00  -8.4004109e-01
   1.7446864e-01   1.6796877e+00  -8.3978452e-01
   1.7514428e-01   1.6786979e+00  -8.3936200e-01
   1.7581991e-01   1.6774724e+00  -8.3870340e-01
   1.7649555e-01   1.6762631e+00  -8.3806060e-01
   1.7728884e-01   1.6750997e+00  -8.3756191e-01
   1.7808213e-01   1.6738365e+00  -8.3696283e-01
   1.7887542e-01   1.6723904e+00  -8.3618032e-01
   1.7966870e-01   1.6709831e+00  -8.3543614e-01
   1.8063363e-01   1.6696730e+00  -8.3493186e-01
   1.8159855e-01   1.6681571e+00  -8.3422105e-01
   1.8256347e-01   1.6661851e+00  -8.3305329e-01
   1.8352839e-01   1.6643656e+00  -8.3203731e-01
   1.8450728e-01   1.6635876e+00  -8.3207370e-01
   1.8548617e-01   1.6622220e+00  -8.3152169e-01
   1.8646506e-01   1.6595459e+00  -8.2965833e-01
   1.8744395e-01   1.6573146e+00  -8.2823899e-01
   1.8824821e-01   1.6570102e+00  -8.2860113e-01
   1.8905246e-01   1.6560752e+00  -8.2833210e-01
   1.8985672e-01   1.6539689e+00  -8.2689125e-01
   1.9066097e-01   1.6521164e+00  -8.2570370e-01
   1.9133453e-01   1.6515129e+00  -8.2565667e-01
   1.9200809e-01   1.6506386e+00  -8.2533837e-01
   1.9268166e-01   1.6493807e+00  -8.2463622e-01
   1.9335522e-01   1.6481474e+00  -8.2395829e-01
   1.9407078e-01   1.6471626e+00  -8.2356298e-01
   1.9478635e-01   1.6460696e+00  -8.2305910e-01
   1.9550191e-01   1.6448070e+00  -8.2238528e-01
   1.9621748e-01   1.6435659e+00  -8.2173238e-01
   1.9710449e-01   1.6422936e+00  -8.2118880e-01
   1.9799150e-01   1.6409014e+00  -8.2052457e-01
   1.9887851e-01   1.6392595e+00  -8.1961002e-01
   1.9976552e-01   1.6376894e+00  -8.1876660e-01
   2.0077460e-01   1.6365713e+00  -8.1847449e-01
   2.0178367e-01   1.6350796e+00  -8.1780785e-01
   2.0279275e-01   1.6327402e+00  -8.1629276e-01
   2.0380183e-01   1.6307033e+00  -8.1507927e-01
   2.0451893e-01   1.6299950e+00  -8.1495566e-01
   2.0523603e-01   1.6290284e+00  -8.1457332e-01
   2.0595313e-01   1.6276561e+00  -8.1378487e-01
   2.0667023e-01   1.6263344e+00  -8.1304658e-01
   2.0738733e-01   1.6253726e+00  -8.1266776e-01
   2.0810442e-01   1.6242968e+00  -8.1217460e-01
   2.0882152e-01   1.6230419e+00  -8.1150182e-01
   2.0953862e-01   1.6218098e+00  -8.1085149e-01
   2.1041525e-01   1.6205743e+00  -8.1032661e-01
   2.1129187e-01   1.6192193e+00  -8.0968152e-01
   2.1216850e-01   1.6176182e+00  -8.0878980e-01
   2.1304512e-01   1.6160860e+00  -8.0796635e-01
   2.1404256e-01   1.6149682e+00  -8.0765419e-01
   2.1504000e-01   1.6135070e+00  -8.0699780e-01
   2.1603744e-01   1.6112712e+00  -8.0556604e-01
   2.1703488e-01   1.6093070e+00  -8.0440515e-01
   2.1794050e-01   1.6088481e+00  -8.0467483e-01
   2.1884613e-01   1.6077281e+00  -8.0428274e-01
   2.1975175e-01   1.6052130e+00  -8.0249497e-01
   2.2065738e-01   1.6031091e+00  -8.0111767e-01
   2.2138548e-01   1.6027144e+00  -8.0130672e-01
   2.2211358e-01   1.6018808e+00  -8.0105642e-01
   2.2284167e-01   1.6003413e+00  -8.0009975e-01
   2.2356977e-01   1.5988987e+00  -7.9923959e-01
   2.2424384e-01   1.5981230e+00  -7.9900271e-01
   2.2491792e-01   1.5971868e+00  -7.9860506e-01
   2.2559199e-01   1.5960232e+00  -7.9797959e-01
   2.2626606e-01   1.5948747e+00  -7.9736882e-01
   2.2705556e-01   1.5937735e+00  -7.9689704e-01
   2.2784507e-01   1.5925779e+00  -7.9633027e-01
   2.2863457e-01   1.5912103e+00  -7.9559105e-01
   2.2942407e-01   1.5898786e+00  -7.9488725e-01
   2.3038685e-01   1.5886286e+00  -7.9440227e-01
   2.3134964e-01   1.5871877e+00  -7.9372574e-01
   2.3231242e-01   1.5853244e+00  -7.9262595e-01
   2.3327520e-01   1.5836018e+00  -7.9166624e-01
   2.3425708e-01   1.5828474e+00  -7.9168899e-01
   2.3523897e-01   1.5815396e+00  -7.9115761e-01
   2.3622085e-01   1.5789954e+00  -7.8938913e-01
   2.3720274e-01   1.5768729e+00  -7.8804160e-01
   2.3801094e-01   1.5765872e+00  -7.8839315e-01
   2.3881913e-01   1.5756932e+00  -7.8813586e-01
   2.3962733e-01   1.5736621e+00  -7.8674106e-01
   2.4043553e-01   1.5718815e+00  -7.8559616e-01
   2.4110960e-01   1.5713179e+00  -7.8556240e-01
   2.4178367e-01   1.5704903e+00  -7.8526430e-01
   2.4245775e-01   1.5692886e+00  -7.8459167e-01
   2.4313182e-01   1.5681111e+00  -7.8394295e-01
   2.4384425e-01   1.5671813e+00  -7.8357163e-01
   2.4455667e-01   1.5661477e+00  -7.8309608e-01
   2.4526910e-01   1.5649525e+00  -7.8245854e-01
   2.4598152e-01   1.5637770e+00  -7.8184029e-01
   2.4686474e-01   1.5625695e+00  -7.8132310e-01
   2.4774795e-01   1.5612500e+00  -7.8069336e-01
   2.4863116e-01   1.5596986e+00  -7.7983100e-01
   2.4951437e-01   1.5582132e+00  -7.7903415e-01
   2.5052382e-01   1.5571374e+00  -7.7874443e-01
   2.5153326e-01   1.5557140e+00  -7.7810637e-01
   2.5254271e-01   1.5535021e+00  -7.7667908e-01
   2.5355215e-01   1.5515718e+00  -7.7553252e-01
   2.5427186e-01   1.5508885e+00  -7.7540758e-01
   2.5499156e-01   1.5499618e+00  -7.7503872e-01
   2.5571126e-01   1.5486503e+00  -7.7428479e-01
   2.5643096e-01   1.5473881e+00  -7.7357968e-01
   2.5715067e-01   1.5464703e+00  -7.7321858e-01
   2.5787037e-01   1.5454430e+00  -7.7274761e-01
   2.5859007e-01   1.5442425e+00  -7.7210304e-01
   2.5930977e-01   1.5430647e+00  -7.7148073e-01
   2.6018650e-01   1.5418919e+00  -7.7098412e-01
   2.6106324e-01   1.5406035e+00  -7.7037127e-01
   2.6193997e-01   1.5390771e+00  -7.6951989e-01
   2.6281670e-01   1.5376173e+00  -7.6873453e-01
   2.6381101e-01   1.5365587e+00  -7.6844001e-01
   2.6480531e-01   1.5351738e+00  -7.6781843e-01
   2.6579961e-01   1.5330541e+00  -7.6646136e-01
   2.6679391e-01   1.5311909e+00  -7.6535997e-01
   2.6769711e-01   1.5307430e+00  -7.6560345e-01
   2.6860031e-01   1.5296769e+00  -7.6522819e-01
   2.6950351e-01   1.5273096e+00  -7.6355099e-01
   2.7040670e-01   1.5253237e+00  -7.6225461e-01
   2.7113569e-01   1.5249345e+00  -7.6242148e-01
   2.7186467e-01   1.5241343e+00  -7.6217693e-01
   2.7259365e-01   1.5226718e+00  -7.6126967e-01
   2.7332263e-01   1.5213009e+00  -7.6045367e-01
   2.7399934e-01   1.5205576e+00  -7.6022499e-01
   2.7467606e-01   1.5196618e+00  -7.5984353e-01
   2.7535278e-01   1.5185483e+00  -7.5924411e-01
   2.7602949e-01   1.5174502e+00  -7.5865962e-01
   2.7682074e-01   1.5164016e+00  -7.5821121e-01
   2.7761199e-01   1.5152619e+00  -7.5767118e-01
   2.7840325e-01   1.5139559e+00  -7.5696435e-01
   2.7919450e-01   1.5126848e+00  -7.5629205e-01
   2.8015617e-01   1.5115002e+00  -7.5583448e-01
   2.8111784e-01   1.5101321e+00  -7.5519269e-01
   2.8207951e-01   1.5083579e+00  -7.5414416e-01
   2.8304118e-01   1.5067187e+00  -7.5322998e-01
   2.8401995e-01   1.5060007e+00  -7.5324907e-01
   2.8499871e-01   1.5047604e+00  -7.5274518e-01
   2.8597747e-01   1.5023554e+00  -7.5107585e-01
   2.8695623e-01   1.5003456e+00  -7.4980106e-01
   2.8776335e-01   1.5000609e+00  -7.5012184e-01
   2.8857047e-01   1.4992068e+00  -7.4987282e-01
   2.8937758e-01   1.4972905e+00  -7.4856104e-01
   2.9018470e-01   1.4956071e+00  -7.4748172e-01
   2.9086035e-01   1.4950624e+00  -7.4744237e-01
   2.9153600e-01   1.4942693e+00  -7.4715423e-01
   2.9221165e-01   1.4931227e+00  -7.4651222e-01
   2.9288731e-01   1.4919999e+00  -7.4589365e-01
   2.9360214e-01   1.4911119e+00  -7.4553883e-01
   2.9431697e-01   1.4901247e+00  -7.4508441e-01
   2.9503180e-01   1.4889823e+00  -7.4447435e-01
   2.9574664e-01   1.4878592e+00  -7.4388331e-01
   2.9663079e-01   1.4867113e+00  -7.4339290e-01
   2.9751494e-01   1.4854553e+00  -7.4279379e-01
   2.9839908e-01   1.4839749e+00  -7.4196979e-01
   2.9928323e-01   1.4825587e+00  -7.4120925e-01
   3.0029055e-01   1.4815406e+00  -7.4093764e-01
   3.0129787e-01   1.4801906e+00  -7.4033321e-01
   3.0230518e-01   1.4780879e+00  -7.3897547e-01
   3.0331250e-01   1.4762531e+00  -7.3788483e-01
   3.0403217e-01   1.4756042e+00  -7.3776707e-01
   3.0475184e-01   1.4747230e+00  -7.3741663e-01
   3.0547151e-01   1.4734748e+00  -7.3669887e-01
   3.0619118e-01   1.4722735e+00  -7.3602767e-01
   3.0691084e-01   1.4714008e+00  -7.3568457e-01
   3.0763051e-01   1.4704236e+00  -7.3523669e-01
   3.0835018e-01   1.4692813e+00  -7.3462325e-01
   3.0906985e-01   1.4681605e+00  -7.3403103e-01
   3.0994615e-01   1.4670453e+00  -7.3355888e-01
   3.1082244e-01   1.4658201e+00  -7.3297614e-01
   3.1169873e-01   1.4643687e+00  -7.3216659e-01
   3.1257503e-01   1.4629805e+00  -7.3141977e-01
   3.1356896e-01   1.4619726e+00  -7.3113859e-01
   3.1456290e-01   1.4606551e+00  -7.3054715e-01
   3.1555683e-01   1.4586407e+00  -7.2925807e-01
   3.1655076e-01   1.4568694e+00  -7.2821139e-01
   3.1745417e-01   1.4564411e+00  -7.2844102e-01
   3.1835758e-01   1.4554258e+00  -7.2808310e-01
   3.1926099e-01   1.4531745e+00  -7.2648864e-01
   3.2016440e-01   1.4512857e+00  -7.2525605e-01
   3.2089382e-01   1.4509148e+00  -7.2541453e-01
   3.2162323e-01   1.4501527e+00  -7.2518137e-01
   3.2235265e-01   1.4487594e+00  -7.2431673e-01
   3.2308206e-01   1.4474538e+00  -7.2353938e-01
   3.2375895e-01   1.4467469e+00  -7.2332226e-01
   3.2443583e-01   1.4458945e+00  -7.2295943e-01
   3.2511271e-01   1.4448346e+00  -7.2238865e-01
   3.2578960e-01   1.4437892e+00  -7.2183217e-01
   3.2658058e-01   1.4427922e+00  -7.2140592e-01
   3.2737157e-01   1.4417083e+00  -7.2089240e-01
   3.2816255e-01   1.4404660e+00  -7.2022006e-01
   3.2895354e-01   1.4392570e+00  -7.1958056e-01
   3.2991475e-01   1.4381301e+00  -7.1914509e-01
   3.3087597e-01   1.4368289e+00  -7.1853469e-01
   3.3183719e-01   1.4351423e+00  -7.1753816e-01
   3.3279841e-01   1.4335838e+00  -7.1666906e-01
   3.3377713e-01   1.4328988e+00  -7.1668542e-01
   3.3475585e-01   1.4317182e+00  -7.1620547e-01
   3.3573457e-01   1.4294323e+00  -7.1461952e-01
   3.3671329e-01   1.4275215e+00  -7.1340798e-01
   3.3752079e-01   1.4272493e+00  -7.1371217e-01
   3.3832829e-01   1.4264357e+00  -7.1347449e-01
   3.3913579e-01   1.4246112e+00  -7.1222554e-01
   3.3994329e-01   1.4230088e+00  -7.1119813e-01
   3.4061925e-01   1.4224908e+00  -7.1116105e-01
   3.4129520e-01   1.4217359e+00  -7.1088687e-01
   3.4197115e-01   1.4206439e+00  -7.1027517e-01
   3.4264710e-01   1.4195747e+00  -7.0968597e-01
   3.4336185e-01   1.4187302e+00  -7.0934876e-01
   3.4407661e-01   1.4177912e+00  -7.0891662e-01
   3.4479136e-01   1.4167043e+00  -7.0833614e-01
   3.4550611e-01   1.4156358e+00  -7.0777376e-01
   3.4638987e-01   1.4145441e+00  -7.0730740e-01
   3.4727363e-01   1.4133496e+00  -7.0673765e-01
   3.4815739e-01   1.4119419e+00  -7.0595414e-01
   3.4904115e-01   1.4105950e+00  -7.0523089e-01
   3.5004821e-01   1.4096257e+00  -7.0497156e-01
   3.5105527e-01   1.4083412e+00  -7.0439638e-01
   3.5206232e-01   1.4063426e+00  -7.0310634e-01
   3.5306938e-01   1.4045981e+00  -7.0206967e-01
   3.5378940e-01   1.4039797e+00  -7.0195687e-01
   3.5450943e-01   1.4031404e+00  -7.0162288e-01
   3.5522945e-01   1.4019520e+00  -7.0093944e-01
   3.5594948e-01   1.4008085e+00  -7.0030044e-01
   3.5666950e-01   1.3999778e+00  -6.9997398e-01
   3.5738953e-01   1.3990476e+00  -6.9954765e-01
   3.5810955e-01   1.3979599e+00  -6.9896340e-01
   3.5882957e-01   1.3968929e+00  -6.9839947e-01
   3.5970582e-01   1.3958322e+00  -6.9795064e-01
   3.6058206e-01   1.3946667e+00  -6.9739635e-01
   3.6145831e-01   1.3932854e+00  -6.9662581e-01
   3.6233455e-01   1.3919645e+00  -6.9591505e-01
   3.6332799e-01   1.3910060e+00  -6.9564770e-01
   3.6432144e-01   1.3897532e+00  -6.9508533e-01
   3.6531488e-01   1.3878379e+00  -6.9385978e-01
   3.6630832e-01   1.3861535e+00  -6.9286447e-01
   3.6721143e-01   1.3857442e+00  -6.9308104e-01
   3.6811453e-01   1.3847780e+00  -6.9274011e-01
   3.6901764e-01   1.3826394e+00  -6.9122618e-01
   3.6992075e-01   1.3808444e+00  -6.9005529e-01
   3.7065035e-01   1.3804897e+00  -6.9020442e-01
   3.7137995e-01   1.3797635e+00  -6.8998171e-01
   3.7210955e-01   1.3784379e+00  -6.8915921e-01
   3.7283916e-01   1.3771958e+00  -6.8841976e-01
   3.7351643e-01   1.3765225e+00  -6.8821283e-01
   3.7419371e-01   1.3757109e+00  -6.8786724e-01
   3.7487099e-01   1.3747015e+00  -6.8732356e-01
   3.7554826e-01   1.3737062e+00  -6.8679361e-01
   3.7633945e-01   1.3727575e+00  -6.8638817e-01
   3.7713064e-01   1.3717260e+00  -6.8589953e-01
   3.7792183e-01   1.3705435e+00  -6.8525941e-01
   3.7871301e-01   1.3693927e+00  -6.8465063e-01
   3.7967400e-01   1.3683212e+00  -6.8423678e-01
   3.8063500e-01   1.3670836e+00  -6.8365628e-01
   3.8159599e-01   1.3654789e+00  -6.8270802e-01
   3.8255698e-01   1.3639961e+00  -6.8188108e-01
   3.8353526e-01   1.3633441e+00  -6.8189605e-01
   3.8451354e-01   1.3622213e+00  -6.8143953e-01
   3.8549182e-01   1.3600487e+00  -6.7993259e-01
   3.8647010e-01   1.3582320e+00  -6.7878098e-01
   3.8727751e-01   1.3579712e+00  -6.7906854e-01
   3.8808492e-01   1.3571965e+00  -6.7884176e-01
   3.8889233e-01   1.3554625e+00  -6.7765522e-01
   3.8969974e-01   1.3539391e+00  -6.7667886e-01
   3.9037596e-01   1.3534451e+00  -6.7664274e-01
   3.9105218e-01   1.3527262e+00  -6.7638129e-01
   3.9172840e-01   1.3516866e+00  -6.7579890e-01
   3.9240462e-01   1.3506688e+00  -6.7523804e-01
   3.9311969e-01   1.3498650e+00  -6.7491707e-01
   3.9383477e-01   1.3489712e+00  -6.7450568e-01
   3.9454984e-01   1.3479363e+00  -6.7395293e-01
   3.9526491e-01   1.3469191e+00  -6.7341750e-01
   3.9614875e-01   1.3458806e+00  -6.7297402e-01
   3.9703258e-01   1.3447441e+00  -6.7243198e-01
   3.9791641e-01   1.3434043e+00  -6.7168613e-01
   3.9880024e-01   1.3421225e+00  -6.7099774e-01
   3.9980695e-01   1.3412008e+00  -6.7075138e-01
   4.0081367e-01   1.3399793e+00  -6.7020443e-01
   4.0182038e-01   1.3380782e+00  -6.6897733e-01
   4.0282710e-01   1.3364188e+00  -6.6799116e-01
   4.0354718e-01   1.3358304e+00  -6.6788387e-01
   4.0426725e-01   1.3350318e+00  -6.6756607e-01
   4.0498733e-01   1.3339009e+00  -6.6691567e-01
   4.0570741e-01   1.3328127e+00  -6.6630759e-01
   4.0642749e-01   1.3320224e+00  -6.6599703e-01
   4.0714756e-01   1.3311374e+00  -6.6559139e-01
   4.0786764e-01   1.3301023e+00  -6.6503540e-01
   4.0858772e-01   1.3290869e+00  -6.6449875e-01
   4.0946389e-01   1.3280779e+00  -6.6407181e-01
   4.1034007e-01   1.3269691e+00  -6.6354451e-01
   4.1121624e-01   1.3256550e+00  -6.6281138e-01
   4.1209241e-01   1.3243982e+00  -6.6213515e-01
   4.1308573e-01   1.3234862e+00  -6.6188068e-01
   4.1407904e-01   1.3222944e+00  -6.6134566e-01
   4.1507235e-01   1.3204725e+00  -6.6018002e-01
   4.1606567e-01   1.3188702e+00  -6.5923327e-01
   4.1696875e-01   1.3184803e+00  -6.5943878e-01
   4.1787184e-01   1.3175608e+00  -6.5911422e-01
   4.1877492e-01   1.3155267e+00  -6.5767443e-01
   4.1967801e-01   1.3138192e+00  -6.5656076e-01
   4.2040770e-01   1.3134814e+00  -6.5670236e-01
   4.2113740e-01   1.3127902e+00  -6.5649027e-01
   4.2186709e-01   1.3115287e+00  -6.5570754e-01
   4.2259678e-01   1.3103467e+00  -6.5500389e-01
   4.2327415e-01   1.3097061e+00  -6.5480701e-01
   4.2395151e-01   1.3089338e+00  -6.5447815e-01
   4.2462888e-01   1.3079732e+00  -6.5396071e-01
   4.2530624e-01   1.3070260e+00  -6.5345636e-01
   4.2609742e-01   1.3061234e+00  -6.5307067e-01
   4.2688861e-01   1.3051420e+00  -6.5260578e-01
   4.2767979e-01   1.3040169e+00  -6.5199669e-01
   4.2847097e-01   1.3029219e+00  -6.5141743e-01
   4.2943186e-01   1.3019025e+00  -6.5102373e-01
   4.3039275e-01   1.3007251e+00  -6.5047148e-01
   4.3135364e-01   1.2991985e+00  -6.4956937e-01
   4.3231454e-01   1.2977879e+00  -6.4878266e-01
   4.3329274e-01   1.2971672e+00  -6.4879658e-01
   4.3427094e-01   1.2960989e+00  -6.4836218e-01
   4.3524914e-01   1.2940324e+00  -6.4692899e-01
   4.3622734e-01   1.2923044e+00  -6.4583363e-01
   4.3703479e-01   1.2920558e+00  -6.4610681e-01
   4.3784224e-01   1.2913184e+00  -6.4589085e-01
   4.3864969e-01   1.2896687e+00  -6.4476207e-01
   4.3945714e-01   1.2882194e+00  -6.4383323e-01
   4.4013345e-01   1.2877493e+00  -6.4379877e-01
   4.4080975e-01   1.2870650e+00  -6.4354992e-01
   4.4148606e-01   1.2860757e+00  -6.4299563e-01
   4.4216237e-01   1.2851072e+00  -6.4246187e-01
   4.4287748e-01   1.2843424e+00  -6.4215651e-01
   4.4359260e-01   1.2834919e+00  -6.4176509e-01
   4.4430771e-01   1.2825072e+00  -6.4123910e-01
   4.4502283e-01   1.2815392e+00  -6.4072959e-01
   4.4590661e-01   1.2805513e+00  -6.4030771e-01
   4.4679040e-01   1.2794700e+00  -6.3979203e-01
   4.4767419e-01   1.2781953e+00  -6.3908238e-01
   4.4855797e-01   1.2769757e+00  -6.3842742e-01
   4.4956460e-01   1.2760988e+00  -6.3819296e-01
   4.5057122e-01   1.2749366e+00  -6.3767260e-01
   4.5157785e-01   1.2731282e+00  -6.3650533e-01
   4.5258447e-01   1.2715495e+00  -6.3556720e-01
   4.5330461e-01   1.2709895e+00  -6.3546502e-01
   4.5402474e-01   1.2702296e+00  -6.3516257e-01
   4.5474488e-01   1.2691535e+00  -6.3454365e-01
   4.5546502e-01   1.2681180e+00  -6.3396503e-01
   4.5618515e-01   1.2673661e+00  -6.3366955e-01
   4.5690529e-01   1.2665239e+00  -6.3328358e-01
   4.5762542e-01   1.2655389e+00  -6.3275448e-01
   4.5834556e-01   1.2645727e+00  -6.3224381e-01
   4.5922172e-01   1.2636128e+00  -6.3183766e-01
   4.6009787e-01   1.2625578e+00  -6.3133598e-01
   4.6097403e-01   1.2613075e+00  -6.3063841e-01
   4.6185018e-01   1.2601117e+00  -6.2999498e-01
   4.6284340e-01   1.2592441e+00  -6.2975288e-01
   4.6383663e-01   1.2581102e+00  -6.2924388e-01
   4.6482985e-01   1.2563770e+00  -6.2813500e-01
   4.6582307e-01   1.2548526e+00  -6.2723432e-01
   4.6672611e-01   1.2544813e+00  -6.2742952e-01
   4.6762915e-01   1.2536065e+00  -6.2712064e-01
   4.6853219e-01   1.2516716e+00  -6.2575124e-01
   4.6943523e-01   1.2500473e+00  -6.2469193e-01
   4.7016497e-01   1.2497256e+00  -6.2482640e-01
   4.7089470e-01   1.2490678e+00  -6.2462446e-01
   4.7162444e-01   1.2478675e+00  -6.2387973e-01
   4.7235417e-01   1.2467429e+00  -6.2321024e-01
   4.7303160e-01   1.2461332e+00  -6.2302287e-01
   4.7370904e-01   1.2453983e+00  -6.2270992e-01
   4.7438647e-01   1.2444842e+00  -6.2221749e-01
   4.7506391e-01   1.2435829e+00  -6.2173755e-01
   4.7585512e-01   1.2427241e+00  -6.2137061e-01
   4.7664633e-01   1.2417903e+00  -6.2092827e-01
   4.7743754e-01   1.2407197e+00  -6.2034869e-01
   4.7822875e-01   1.2396779e+00  -6.1979751e-01
   4.7918959e-01   1.2387080e+00  -6.1942298e-01
   4.8015043e-01   1.2375879e+00  -6.1889759e-01
   4.8111128e-01   1.2361354e+00  -6.1803927e-01
   4.8207212e-01   1.2347933e+00  -6.1729075e-01
   4.8305025e-01   1.2342027e+00  -6.1730388e-01
   4.8402837e-01   1.2331863e+00  -6.1689057e-01
   4.8500650e-01   1.2312205e+00  -6.1552731e-01
   4.8598463e-01   1.2295766e+00  -6.1448530e-01
   4.8679207e-01   1.2293397e+00  -6.1474493e-01
   4.8759951e-01   1.2286381e+00  -6.1453934e-01
   4.8840696e-01   1.2270687e+00  -6.1346560e-01
   4.8921440e-01   1.2256899e+00  -6.1258201e-01
   4.8989076e-01   1.2252424e+00  -6.1254911e-01
   4.9056712e-01   1.2245913e+00  -6.1231225e-01
   4.9124347e-01   1.2236499e+00  -6.1178479e-01
   4.9191983e-01   1.2227283e+00  -6.1127689e-01
   4.9263500e-01   1.2220006e+00  -6.1098633e-01
   4.9335017e-01   1.2211913e+00  -6.1061389e-01
   4.9406533e-01   1.2202543e+00  -6.1011335e-01
   4.9478050e-01   1.2193333e+00  -6.0962853e-01
   4.9566429e-01   1.2183933e+00  -6.0922717e-01
   4.9654808e-01   1.2173645e+00  -6.0873653e-01
   4.9743187e-01   1.2161516e+00  -6.0806128e-01
   4.9831566e-01   1.2149912e+00  -6.0743809e-01
   4.9932222e-01   1.2141569e+00  -6.0721504e-01
   5.0032878e-01   1.2130513e+00  -6.0671999e-01
   5.0133534e-01   1.2113307e+00  -6.0560946e-01
   5.0234190e-01   1.2098288e+00  -6.0471692e-01
   5.0306206e-01   1.2092960e+00  -6.0461968e-01
   5.0378221e-01   1.2085729e+00  -6.0433190e-01
   5.0450236e-01   1.2075490e+00  -6.0374299e-01
   5.0522252e-01   1.2065637e+00  -6.0319243e-01
   5.0594267e-01   1.2058482e+00  -6.0291131e-01
   5.0666282e-01   1.2050470e+00  -6.0254407e-01
   5.0738298e-01   1.2041098e+00  -6.0204063e-01
   5.0810313e-01   1.2031904e+00  -6.0155472e-01
   5.0897927e-01   1.2022771e+00  -6.0116831e-01
   5.0985541e-01   1.2012734e+00  -6.0069100e-01
   5.1073156e-01   1.2000837e+00  -6.0002728e-01
   5.1160770e-01   1.1989460e+00  -5.9941508e-01
   5.1260089e-01   1.1981205e+00  -5.9918472e-01
   5.1359408e-01   1.1970417e+00  -5.9870044e-01
   5.1458727e-01   1.1953927e+00  -5.9764547e-01
   5.1558046e-01   1.1939424e+00  -5.9678856e-01
   5.1648349e-01   1.1935890e+00  -5.9697416e-01
   5.1738652e-01   1.1927566e+00  -5.9668024e-01
   5.1828955e-01   1.1909158e+00  -5.9537747e-01
   5.1919257e-01   1.1893705e+00  -5.9436968e-01
   5.1992233e-01   1.1890643e+00  -5.9449754e-01
   5.2065208e-01   1.1884384e+00  -5.9430536e-01
   5.2138184e-01   1.1872963e+00  -5.9359676e-01
   5.2211159e-01   1.1862262e+00  -5.9295975e-01
   5.2278905e-01   1.1856462e+00  -5.9278147e-01
   5.2346651e-01   1.1849469e+00  -5.9248370e-01
   5.2414396e-01   1.1840771e+00  -5.9201514e-01
   5.2482142e-01   1.1832195e+00  -5.9155846e-01
   5.2561264e-01   1.1824024e+00  -5.9120935e-01
   5.2640385e-01   1.1815140e+00  -5.9078849e-01
   5.2719507e-01   1.1804953e+00  -5.9023702e-01
   5.2798628e-01   1.1795040e+00  -5.8971258e-01
   5.2894710e-01   1.1785813e+00  -5.8935626e-01
   5.2990792e-01   1.1775156e+00  -5.8885638e-01
   5.3086874e-01   1.1761336e+00  -5.8803974e-01
   5.3182956e-01   1.1748566e+00  -5.8732757e-01
   5.3280767e-01   1.1742947e+00  -5.8734000e-01
   5.3378577e-01   1.1733276e+00  -5.8694675e-01
   5.3476387e-01   1.1714574e+00  -5.8564979e-01
   5.3574198e-01   1.1698933e+00  -5.8465844e-01
   5.3654943e-01   1.1696679e+00  -5.8490537e-01
   5.3735687e-01   1.1690003e+00  -5.8470971e-01
   5.3816432e-01   1.1675071e+00  -5.8368816e-01
   5.3897177e-01   1.1661953e+00  -5.8284750e-01
   5.3964815e-01   1.1657695e+00  -5.8281616e-01
   5.4032453e-01   1.1651499e+00  -5.8259077e-01
   5.4100090e-01   1.1642542e+00  -5.8208889e-01
   5.4167728e-01   1.1633772e+00  -5.8160561e-01
   5.4239246e-01   1.1626849e+00  -5.8132916e-01
   5.4310765e-01   1.1619149e+00  -5.8097479e-01
   5.4382283e-01   1.1610233e+00  -5.8049853e-01
   5.4453801e-01   1.1601469e+00  -5.8003722e-01
   5.4542179e-01   1.1592526e+00  -5.7965536e-01
   5.4630558e-01   1.1582738e+00  -5.7918855e-01
   5.4718936e-01   1.1571198e+00  -5.7854607e-01
   5.4807315e-01   1.1560157e+00  -5.7795312e-01
   5.4907968e-01   1.1552219e+00  -5.7774090e-01
   5.5008622e-01   1.1541700e+00  -5.7726989e-01
   5.5109276e-01   1.1525330e+00  -5.7621332e-01
   5.5209930e-01   1.1511040e+00  -5.7536412e-01
   5.5281946e-01   1.1505970e+00  -5.7527159e-01
   5.5353962e-01   1.1499090e+00  -5.7499777e-01
   5.5425979e-01   1.1489348e+00  -5.7443743e-01
   5.5497995e-01   1.1479974e+00  -5.7391358e-01
   5.5570012e-01   1.1473166e+00  -5.7364611e-01
   5.5642028e-01   1.1465542e+00  -5.7329669e-01
   5.5714045e-01   1.1456625e+00  -5.7281767e-01
   5.5786061e-01   1.1447877e+00  -5.7235533e-01
   5.5873675e-01   1.1439188e+00  -5.7198769e-01
   5.5961289e-01   1.1429638e+00  -5.7153355e-01
   5.6048902e-01   1.1418318e+00  -5.7090205e-01
   5.6136516e-01   1.1407494e+00  -5.7031956e-01
   5.6235833e-01   1.1399639e+00  -5.7010038e-01
   5.6335150e-01   1.1389375e+00  -5.6963962e-01
   5.6434467e-01   1.1373686e+00  -5.6863590e-01
   5.6533785e-01   1.1359888e+00  -5.6782060e-01
   5.6624087e-01   1.1356525e+00  -5.6799713e-01
   5.6714389e-01   1.1348604e+00  -5.6771746e-01
   5.6804691e-01   1.1331091e+00  -5.6647802e-01
   5.6894993e-01   1.1316388e+00  -5.6551920e-01
   5.6967970e-01   1.1313474e+00  -5.6564081e-01
   5.7040946e-01   1.1307519e+00  -5.6545793e-01
   5.7113922e-01   1.1296653e+00  -5.6478372e-01
   5.7186899e-01   1.1286471e+00  -5.6417763e-01
   5.7254646e-01   1.1280952e+00  -5.6400800e-01
   5.7322393e-01   1.1274298e+00  -5.6372467e-01
   5.7390140e-01   1.1266022e+00  -5.6327884e-01
   5.7457887e-01   1.1257862e+00  -5.6284431e-01
   5.7537009e-01   1.1250088e+00  -5.6251215e-01
   5.7616131e-01   1.1241635e+00  -5.6211172e-01
   5.7695253e-01   1.1231943e+00  -5.6158701e-01
   5.7774375e-01   1.1222511e+00  -5.6108802e-01
   5.7870456e-01   1.1213732e+00  -5.6074900e-01
   5.7966537e-01   1.1203592e+00  -5.6027340e-01
   5.8062618e-01   1.1190443e+00  -5.5949640e-01
   5.8158699e-01   1.1178293e+00  -5.5881880e-01
   5.8256508e-01   1.1172946e+00  -5.5883061e-01
   5.8354317e-01   1.1163745e+00  -5.5845645e-01
   5.8452126e-01   1.1145951e+00  -5.5722250e-01
   5.8549935e-01   1.1131071e+00  -5.5627931e-01
   5.8630679e-01   1.1128925e+00  -5.5651420e-01
   5.8711424e-01   1.1122573e+00  -5.5632802e-01
   5.8792169e-01   1.1108366e+00  -5.5535609e-01
   5.8872914e-01   1.1095885e+00  -5.5455626e-01
   5.8940553e-01   1.1091833e+00  -5.5452643e-01
   5.9008191e-01   1.1085938e+00  -5.5431197e-01
   5.9075830e-01   1.1077415e+00  -5.5383443e-01
   5.9143469e-01   1.1069072e+00  -5.5337460e-01
   5.9214988e-01   1.1062484e+00  -5.5311157e-01
   5.9286507e-01   1.1055158e+00  -5.5277439e-01
   5.9358027e-01   1.1046674e+00  -5.5232124e-01
   5.9429546e-01   1.1038336e+00  -5.5188231e-01
   5.9517924e-01   1.1029827e+00  -5.5151899e-01
   5.9606302e-01   1.1020514e+00  -5.5107484e-01
   5.9694681e-01   1.1009534e+00  -5.5046354e-01
   5.9783059e-01   1.0999029e+00  -5.4989937e-01
   5.9883712e-01   1.0991477e+00  -5.4969746e-01
   5.9984364e-01   1.0981468e+00  -5.4924931e-01
   6.0085017e-01   1.0965893e+00  -5.4824405e-01
   6.0185669e-01   1.0952297e+00  -5.4743608e-01
   6.0257686e-01   1.0947473e+00  -5.4734804e-01
   6.0329703e-01   1.0940927e+00  -5.4708751e-01
   6.0401720e-01   1.0931657e+00  -5.4655436e-01
   6.0473737e-01   1.0922738e+00  -5.4605594e-01
   6.0545753e-01   1.0916261e+00  -5.4580145e-01
   6.0617770e-01   1.0909007e+00  -5.4546899e-01
   6.0689787e-01   1.0900522e+00  -5.4501321e-01
   6.0761804e-01   1.0892200e+00  -5.4457331e-01
   6.0849417e-01   1.0883932e+00  -5.4422352e-01
   6.0937031e-01   1.0874846e+00  -5.4379143e-01
   6.1024644e-01   1.0864076e+00  -5.4319058e-01
   6.1112258e-01   1.0853776e+00  -5.4263637e-01
   6.1211574e-01   1.0846303e+00  -5.4242782e-01
   6.1310891e-01   1.0836537e+00  -5.4198943e-01
   6.1410207e-01   1.0821610e+00  -5.4103444e-01
   6.1509523e-01   1.0808481e+00  -5.4025873e-01
   6.1599825e-01   1.0805281e+00  -5.4042667e-01
   6.1690127e-01   1.0797745e+00  -5.4016057e-01
   6.1780429e-01   1.0781082e+00  -5.3898132e-01
   6.1870731e-01   1.0767093e+00  -5.3806906e-01
   6.1943708e-01   1.0764321e+00  -5.3818475e-01
   6.2016684e-01   1.0758654e+00  -5.3801074e-01
   6.2089661e-01   1.0748316e+00  -5.3736925e-01
   6.2162638e-01   1.0738628e+00  -5.3679258e-01
   6.2230386e-01   1.0733377e+00  -5.3663118e-01
   6.2298133e-01   1.0727046e+00  -5.3636160e-01
   6.2365881e-01   1.0719172e+00  -5.3593740e-01
   6.2433629e-01   1.0711408e+00  -5.3552396e-01
   6.2512751e-01   1.0704011e+00  -5.3520793e-01
   6.2591873e-01   1.0695968e+00  -5.3482693e-01
   6.2670995e-01   1.0686746e+00  -5.3432769e-01
   6.2750117e-01   1.0677772e+00  -5.3385292e-01
   6.2846197e-01   1.0669419e+00  -5.3353036e-01
   6.2942278e-01   1.0659772e+00  -5.3307785e-01
   6.3038358e-01   1.0647261e+00  -5.3233857e-01
   6.3134439e-01   1.0635701e+00  -5.3169386e-01
   6.3232247e-01   1.0630614e+00  -5.3170508e-01
   6.3330056e-01   1.0621859e+00  -5.3134908e-01
   6.3427864e-01   1.0604930e+00  -5.3017506e-01
   6.3525673e-01   1.0590771e+00  -5.2927767e-01
   6.3606417e-01   1.0588730e+00  -5.2950113e-01
   6.3687162e-01   1.0582686e+00  -5.2932398e-01
   6.3767907e-01   1.0569169e+00  -5.2839924e-01
   6.3848652e-01   1.0557293e+00  -5.2763825e-01
   6.3916291e-01   1.0553439e+00  -5.2760985e-01
   6.3983930e-01   1.0547830e+00  -5.2740580e-01
   6.4051570e-01   1.0539720e+00  -5.2695143e-01
   6.4119209e-01   1.0531781e+00  -5.2651392e-01
   6.4190729e-01   1.0525513e+00  -5.2626365e-01
   6.4262248e-01   1.0518543e+00  -5.2594284e-01
   6.4333768e-01   1.0510471e+00  -5.2551168e-01
   6.4405287e-01   1.0502538e+00  -5.2509406e-01
   6.4493665e-01   1.0494442e+00  -5.2474837e-01
   6.4582044e-01   1.0485581e+00  -5.2432579e-01
   6.4670422e-01   1.0475133e+00  -5.2374416e-01
   6.4758800e-01   1.0465138e+00  -5.2320737e-01
   6.4859452e-01   1.0457953e+00  -5.2301526e-01
   6.4960104e-01   1.0448430e+00  -5.2258887e-01
   6.5060756e-01   1.0433611e+00  -5.2163241e-01
   6.5161408e-01   1.0420675e+00  -5.2086367e-01
   6.5233425e-01   1.0416085e+00  -5.2077990e-01
   6.5305442e-01   1.0409857e+00  -5.2053201e-01
   6.5377459e-01   1.0401037e+00  -5.2002473e-01
   6.5449476e-01   1.0392551e+00  -5.1955050e-01
   6.5521493e-01   1.0386388e+00  -5.1930837e-01
   6.5593511e-01   1.0379486e+00  -5.1899204e-01
   6.5665528e-01   1.0371413e+00  -5.1855838e-01
   6.5737545e-01   1.0363495e+00  -5.1813984e-01
   6.5825158e-01   1.0355628e+00  -5.1780703e-01
   6.5912772e-01   1.0346983e+00  -5.1739591e-01
   6.6000385e-01   1.0336736e+00  -5.1682422e-01
   6.6087998e-01   1.0326936e+00  -5.1629691e-01
   6.6187314e-01   1.0319826e+00  -5.1609849e-01
   6.6286630e-01   1.0310534e+00  -5.1568138e-01
   6.6385946e-01   1.0296332e+00  -5.1477276e-01
   6.6485262e-01   1.0283840e+00  -5.1403470e-01
   6.6575564e-01   1.0280795e+00  -5.1419448e-01
   6.6665866e-01   1.0273625e+00  -5.1394129e-01
   6.6756167e-01   1.0257771e+00  -5.1281930e-01
   6.6846469e-01   1.0244461e+00  -5.1195133e-01
   6.6919446e-01   1.0241823e+00  -5.1206140e-01
   6.6992423e-01   1.0236432e+00  -5.1189583e-01
   6.7065400e-01   1.0226595e+00  -5.1128547e-01
   6.7138377e-01   1.0217378e+00  -5.1073680e-01
   6.7206125e-01   1.0212381e+00  -5.1058323e-01
   6.7273873e-01   1.0206358e+00  -5.1032673e-01
   6.7341621e-01   1.0198866e+00  -5.0992312e-01
   6.7409369e-01   1.0191478e+00  -5.0952975e-01
   6.7488491e-01   1.0184441e+00  -5.0922905e-01
   6.7567613e-01   1.0176788e+00  -5.0886655e-01
   6.7646735e-01   1.0168014e+00  -5.0839154e-01
   6.7725857e-01   1.0159476e+00  -5.0793981e-01
   6.7821937e-01   1.0151528e+00  -5.0763291e-01
   6.7918018e-01   1.0142349e+00  -5.0720237e-01
   6.8014098e-01   1.0130445e+00  -5.0649897e-01
   6.8110178e-01   1.0119447e+00  -5.0588556e-01
   6.8207987e-01   1.0114606e+00  -5.0589623e-01
   6.8305795e-01   1.0106277e+00  -5.0555751e-01
   6.8403603e-01   1.0090169e+00  -5.0444049e-01
   6.8501411e-01   1.0076698e+00  -5.0358666e-01
   6.8582156e-01   1.0074755e+00  -5.0379927e-01
   6.8662901e-01   1.0069004e+00  -5.0363071e-01
   6.8743645e-01   1.0056144e+00  -5.0275087e-01
   6.8824390e-01   1.0044845e+00  -5.0202682e-01
   6.8892030e-01   1.0041177e+00  -5.0199980e-01
   6.8959669e-01   1.0035840e+00  -5.0180565e-01
   6.9027309e-01   1.0028124e+00  -5.0137333e-01
   6.9094948e-01   1.0020571e+00  -5.0095705e-01
   6.9166468e-01   1.0014607e+00  -5.0071894e-01
   6.9237988e-01   1.0007975e+00  -5.0041369e-01
   6.9309508e-01   1.0000295e+00  -5.0000346e-01
   6.9381027e-01   9.9927467e-01  -4.9960611e-01
   6.9469406e-01   9.9850437e-01  -4.9927720e-01
   6.9557784e-01   9.9766128e-01  -4.9887513e-01
   6.9646162e-01   9.9666725e-01  -4.9832173e-01
   6.9734540e-01   9.9571628e-01  -4.9781100e-01
   6.9835192e-01   9.9503260e-01  -4.9762821e-01
   6.9935844e-01   9.9412652e-01  -4.9722252e-01
   7.0036495e-01   9.9271660e-01  -4.9631249e-01
   7.0137147e-01   9.9148579e-01  -4.9558107e-01
   7.0209164e-01   9.9104907e-01  -4.9550136e-01
   7.0281181e-01   9.9045646e-01  -4.9526550e-01
   7.0353198e-01   9.8961732e-01  -4.9478285e-01
   7.0425216e-01   9.8880987e-01  -4.9433164e-01
   7.0497233e-01   9.8822350e-01  -4.9410126e-01
   7.0569250e-01   9.8756681e-01  -4.9380029e-01
   7.0641267e-01   9.8679873e-01  -4.9338768e-01
   7.0713284e-01   9.8604529e-01  -4.9298945e-01
   7.0800898e-01   9.8529684e-01  -4.9267279e-01
   7.0888511e-01   9.8447426e-01  -4.9228163e-01
   7.0976124e-01   9.8349929e-01  -4.9173769e-01
   7.1063738e-01   9.8256691e-01  -4.9123598e-01
   7.1163054e-01   9.8189039e-01  -4.9104719e-01
   7.1262369e-01   9.8100629e-01  -4.9065032e-01
   7.1361685e-01   9.7965501e-01  -4.8978580e-01
   7.1461001e-01   9.7846650e-01  -4.8908357e-01
   7.1551303e-01   9.7817680e-01  -4.8923559e-01
   7.1641604e-01   9.7749458e-01  -4.8899469e-01
   7.1731906e-01   9.7598613e-01  -4.8792717e-01
   7.1822207e-01   9.7471977e-01  -4.8710134e-01
   7.1895185e-01   9.7446878e-01  -4.8720606e-01
   7.1968162e-01   9.7395578e-01  -4.8704852e-01
   7.2041139e-01   9.7301985e-01  -4.8646780e-01
   7.2114116e-01   9.7214286e-01  -4.8594575e-01
   7.2181864e-01   9.7166747e-01  -4.8579964e-01
   7.2249612e-01   9.7109437e-01  -4.8555559e-01
   7.2317360e-01   9.7038151e-01  -4.8517157e-01
   7.2385108e-01   9.6967863e-01  -4.8479729e-01
   7.2464230e-01   9.6900903e-01  -4.8451119e-01
   7.2543352e-01   9.6828093e-01  -4.8416628e-01
   7.2622475e-01   9.6744609e-01  -4.8371433e-01
   7.2701597e-01   9.6663370e-01  -4.8328453e-01
   7.2797677e-01   9.6587752e-01  -4.8299253e-01
   7.2893757e-01   9.6500413e-01  -4.8258288e-01
   7.2989837e-01   9.6387159e-01  -4.8191363e-01
   7.3085917e-01   9.6282511e-01  -4.8132999e-01
   7.3183725e-01   9.6236455e-01  -4.8134014e-01
   7.3281533e-01   9.6157202e-01  -4.8101786e-01
   7.3379341e-01   9.6003944e-01  -4.7995507e-01
   7.3477149e-01   9.5875773e-01  -4.7914269e-01
   7.3557894e-01   9.5857290e-01  -4.7934497e-01
   7.3638639e-01   9.5802573e-01  -4.7918459e-01
   7.3719384e-01   9.5680211e-01  -4.7834746e-01
   7.3800129e-01   9.5572704e-01  -4.7765856e-01
   7.3867769e-01   9.5537808e-01  -4.7763285e-01
   7.3935408e-01   9.5487031e-01  -4.7744812e-01
   7.4003048e-01   9.5413616e-01  -4.7703678e-01
   7.4070687e-01   9.5341749e-01  -4.7664071e-01
   7.4142207e-01   9.5285006e-01  -4.7641415e-01
   7.4213727e-01   9.5221901e-01  -4.7612373e-01
   7.4285247e-01   9.5148831e-01  -4.7573341e-01
   7.4356767e-01   9.5077010e-01  -4.7535534e-01
   7.4445145e-01   9.5003719e-01  -4.7504240e-01
   7.4533523e-01   9.4923502e-01  -4.7465984e-01
   7.4621901e-01   9.4828925e-01  -4.7413331e-01
   7.4710280e-01   9.4738444e-01  -4.7364736e-01
   7.4810931e-01   9.4673395e-01  -4.7347345e-01
   7.4911583e-01   9.4587184e-01  -4.7308745e-01
   7.5012234e-01   9.4453036e-01  -4.7222160e-01
   7.5112886e-01   9.4335930e-01  -4.7152568e-01
   7.5184903e-01   9.4294378e-01  -4.7144984e-01
   7.5256920e-01   9.4237994e-01  -4.7122543e-01
   7.5328937e-01   9.4158152e-01  -4.7076621e-01
   7.5400955e-01   9.4081326e-01  -4.7033689e-01
   7.5472972e-01   9.4025536e-01  -4.7011769e-01
   7.5544989e-01   9.3963054e-01  -4.6983133e-01
   7.5617006e-01   9.3889975e-01  -4.6943875e-01
   7.5689024e-01   9.3818287e-01  -4.6905985e-01
   7.5776637e-01   9.3747076e-01  -4.6875857e-01
   7.5864250e-01   9.3668811e-01  -4.6838639e-01
   7.5951864e-01   9.3576046e-01  -4.6786886e-01
   7.6039477e-01   9.3487334e-01  -4.6739150e-01
   7.6138793e-01   9.3422966e-01  -4.6721187e-01
   7.6238108e-01   9.3338847e-01  -4.6683427e-01
   7.6337424e-01   9.3210278e-01  -4.6601172e-01
   7.6436740e-01   9.3097197e-01  -4.6534357e-01
   7.6527041e-01   9.3069632e-01  -4.6548821e-01
   7.6617343e-01   9.3004722e-01  -4.6525900e-01
   7.6707645e-01   9.2861199e-01  -4.6424330e-01
   7.6797946e-01   9.2740710e-01  -4.6345755e-01
   7.6870923e-01   9.2716829e-01  -4.6355719e-01
   7.6943900e-01   9.2668019e-01  -4.6340730e-01
   7.7016877e-01   9.2578969e-01  -4.6285476e-01
   7.7089855e-01   9.2495528e-01  -4.6235806e-01
   7.7157603e-01   9.2450296e-01  -4.6221904e-01
   7.7225351e-01   9.2395767e-01  -4.6198683e-01
   7.7293099e-01   9.2327942e-01  -4.6162145e-01
   7.7360847e-01   9.2261065e-01  -4.6126534e-01
   7.7439969e-01   9.2197355e-01  -4.6099313e-01
   7.7519091e-01   9.2128080e-01  -4.6066496e-01
   7.7598214e-01   9.2048647e-01  -4.6023495e-01
   7.7677336e-01   9.1971352e-01  -4.5982601e-01
   7.7773416e-01   9.1899404e-01  -4.5954818e-01
   7.7869496e-01   9.1816306e-01  -4.5915842e-01
   7.7965576e-01   9.1708549e-01  -4.5852165e-01
   7.8061656e-01   9.1608981e-01  -4.5796634e-01
   7.8159464e-01   9.1565160e-01  -4.5797600e-01
   7.8257272e-01   9.1489754e-01  -4.5766936e-01
   7.8355080e-01   9.1343935e-01  -4.5665816e-01
   7.8452888e-01   9.1221985e-01  -4.5588521e-01
   7.8533633e-01   9.1204399e-01  -4.5607767e-01
   7.8614378e-01   9.1152338e-01  -4.5592508e-01
   7.8695123e-01   9.1035916e-01  -4.5512859e-01
   7.8775868e-01   9.0933627e-01  -4.5447312e-01
   7.8843507e-01   9.0900425e-01  -4.5444866e-01
   7.8911147e-01   9.0852113e-01  -4.5427290e-01
   7.8978787e-01   9.0782261e-01  -4.5388153e-01
   7.9046426e-01   9.0713882e-01  -4.5350468e-01
   7.9117946e-01   9.0659894e-01  -4.5328912e-01
   7.9189466e-01   9.0599852e-01  -4.5301279e-01
   7.9260986e-01   9.0530329e-01  -4.5264142e-01
   7.9332506e-01   9.0461994e-01  -4.5228170e-01
   7.9420884e-01   9.0392260e-01  -4.5198395e-01
   7.9509262e-01   9.0315938e-01  -4.5161996e-01
   7.9597640e-01   9.0225951e-01  -4.5111898e-01
   7.9686019e-01   9.0139862e-01  -4.5065663e-01
   7.9786670e-01   9.0077970e-01  -4.5049116e-01
   7.9887322e-01   8.9995944e-01  -4.5012390e-01
   7.9987973e-01   8.9868308e-01  -4.4930007e-01
   8.0088625e-01   8.9756886e-01  -4.4863793e-01
   8.0160642e-01   8.9717351e-01  -4.4856578e-01
   8.0232659e-01   8.9663703e-01  -4.4835226e-01
   8.0304676e-01   8.9587737e-01  -4.4791532e-01
   8.0376694e-01   8.9514640e-01  -4.4750685e-01
   8.0448711e-01   8.9461558e-01  -4.4729829e-01
   8.0520728e-01   8.9402109e-01  -4.4702583e-01
   8.0592745e-01   8.9332577e-01  -4.4665230e-01
   8.0664763e-01   8.9264369e-01  -4.4629179e-01
   8.0752376e-01   8.9196614e-01  -4.4600514e-01
   8.0839989e-01   8.9122148e-01  -4.4565103e-01
   8.0927603e-01   8.9033886e-01  -4.4515861e-01
   8.1015216e-01   8.8949480e-01  -4.4470442e-01
   8.1114531e-01   8.8888237e-01  -4.4453351e-01
   8.1213847e-01   8.8808201e-01  -4.4417424e-01
   8.1313163e-01   8.8685873e-01  -4.4339162e-01
   8.1412479e-01   8.8578280e-01  -4.4275590e-01
   8.1502780e-01   8.8552054e-01  -4.4289352e-01
   8.1593082e-01   8.8490294e-01  -4.4267544e-01
   8.1683383e-01   8.8353738e-01  -4.4170904e-01
   8.1773685e-01   8.8239098e-01  -4.4096143e-01
   8.1846662e-01   8.8216376e-01  -4.4105623e-01
   8.1919639e-01   8.8169935e-01  -4.4091362e-01
   8.1992616e-01   8.8085208e-01  -4.4038790e-01
   8.2065593e-01   8.8005816e-01  -4.3991531e-01
   8.2133342e-01   8.7962780e-01  -4.3978303e-01
   8.2201090e-01   8.7910898e-01  -4.3956210e-01
   8.2268838e-01   8.7846365e-01  -4.3921445e-01
   8.2336586e-01   8.7782734e-01  -4.3887563e-01
   8.2415708e-01   8.7722117e-01  -4.3861663e-01
   8.2494830e-01   8.7656204e-01  -4.3830439e-01
   8.2573953e-01   8.7580627e-01  -4.3789525e-01
   8.2653075e-01   8.7507084e-01  -4.3750616e-01
   8.2749155e-01   8.7438628e-01  -4.3724182e-01
   8.2845235e-01   8.7359563e-01  -4.3687097e-01
   8.2941315e-01   8.7257037e-01  -4.3626512e-01
   8.3037395e-01   8.7162302e-01  -4.3573676e-01
   8.3135203e-01   8.7120608e-01  -4.3574595e-01
   8.3233011e-01   8.7048863e-01  -4.3545420e-01
   8.3330819e-01   8.6910122e-01  -4.3449208e-01
   8.3428627e-01   8.6794092e-01  -4.3375665e-01
   8.3509372e-01   8.6777359e-01  -4.3393977e-01
   8.3590117e-01   8.6727825e-01  -4.3379458e-01
   8.3670861e-01   8.6617054e-01  -4.3303675e-01
   8.3751606e-01   8.6519730e-01  -4.3241311e-01
   8.3819246e-01   8.6488139e-01  -4.3238983e-01
   8.3886886e-01   8.6442172e-01  -4.3222260e-01
   8.3954525e-01   8.6375711e-01  -4.3185023e-01
   8.4022165e-01   8.6310651e-01  -4.3149167e-01
   8.4093685e-01   8.6259284e-01  -4.3128657e-01
   8.4165205e-01   8.6202156e-01  -4.3102366e-01
   8.4236725e-01   8.6136007e-01  -4.3067031e-01
   8.4308245e-01   8.6070990e-01  -4.3032805e-01
   8.4396623e-01   8.6004641e-01  -4.3004476e-01
   8.4485001e-01   8.5932023e-01  -4.2969844e-01
   8.4573379e-01   8.5846404e-01  -4.2922177e-01
   8.4661757e-01   8.5764494e-01  -4.2878186e-01
   8.4762409e-01   8.5705606e-01  -4.2862442e-01
   8.4863060e-01   8.5627562e-01  -4.2827499e-01
   8.4963712e-01   8.5506121e-01  -4.2749115e-01
   8.5064363e-01   8.5400107e-01  -4.2686115e-01
   8.5136381e-01   8.5362492e-01  -4.2679250e-01
   8.5208398e-01   8.5311448e-01  -4.2658934e-01
   8.5280415e-01   8.5239169e-01  -4.2617362e-01
   8.5352432e-01   8.5169621e-01  -4.2578497e-01
   8.5424450e-01   8.5119115e-01  -4.2558653e-01
   8.5496467e-01   8.5062552e-01  -4.2532730e-01
   8.5568484e-01   8.4996394e-01  -4.2497190e-01
   8.5640501e-01   8.4931498e-01  -4.2462889e-01
   8.5728115e-01   8.4867031e-01  -4.2435615e-01
   8.5815728e-01   8.4796180e-01  -4.2401923e-01
   8.5903341e-01   8.4712202e-01  -4.2355071e-01
   8.5990955e-01   8.4631893e-01  -4.2311857e-01
   8.6090270e-01   8.4573622e-01  -4.2295596e-01
   8.6189586e-01   8.4497471e-01  -4.2261413e-01
   8.6288902e-01   8.4381081e-01  -4.2186949e-01
   8.6388217e-01   8.4278711e-01  -4.2126463e-01
   8.6478519e-01   8.4253758e-01  -4.2139557e-01
   8.6568820e-01   8.4194996e-01  -4.2118807e-01
   8.6659122e-01   8.4065068e-01  -4.2026858e-01
   8.6749424e-01   8.3955993e-01  -4.1955727e-01
   8.6822401e-01   8.3934373e-01  -4.1964747e-01
   8.6895378e-01   8.3890187e-01  -4.1951177e-01
   8.6968355e-01   8.3809572e-01  -4.1901157e-01
   8.7041332e-01   8.3734034e-01  -4.1856192e-01
   8.7109080e-01   8.3693087e-01  -4.1843607e-01
   8.7176829e-01   8.3643724e-01  -4.1822586e-01
   8.7244577e-01   8.3582323e-01  -4.1789508e-01
   8.7312325e-01   8.3521781e-01  -4.1757271e-01
   8.7391447e-01   8.3464106e-01  -4.1732628e-01
   8.7470569e-01   8.3401392e-01  -4.1702920e-01
   8.7549691e-01   8.3329484e-01  -4.1663991e-01
   8.7628814e-01   8.3259510e-01  -4.1626971e-01
   8.7724894e-01   8.3194378e-01  -4.1601820e-01
   8.7820974e-01   8.3119150e-01  -4.1566536e-01
   8.7917054e-01   8.3021601e-01  -4.1508891e-01
   8.8013134e-01   8.2931464e-01  -4.1458620e-01
   8.8110942e-01   8.2891794e-01  -4.1459494e-01
   8.8208750e-01   8.2823531e-01  -4.1431735e-01
   8.8306558e-01   8.2691524e-01  -4.1340193e-01
   8.8404366e-01   8.2581127e-01  -4.1270221e-01
   8.8485110e-01   8.2565206e-01  -4.1287643e-01
   8.8565855e-01   8.2518076e-01  -4.1273829e-01
   8.8646600e-01   8.2412682e-01  -4.1201725e-01
   8.8727345e-01   8.2320083e-01  -4.1142387e-01
   8.8794985e-01   8.2290025e-01  -4.1140173e-01
   8.8862625e-01   8.2246289e-01  -4.1124261e-01
   8.8930264e-01   8.2183054e-01  -4.1088832e-01
   8.8997904e-01   8.2121152e-01  -4.1054716e-01
   8.9069424e-01   8.2072278e-01  -4.1035202e-01
   8.9140944e-01   8.2017923e-01  -4.1010187e-01
   8.9212464e-01   8.1954986e-01  -4.0976567e-01
   8.9283984e-01   8.1893124e-01  -4.0944003e-01
   8.9372362e-01   8.1829996e-01  -4.0917048e-01
   8.9460740e-01   8.1760902e-01  -4.0884097e-01
   8.9549118e-01   8.1679440e-01  -4.0838745e-01
   8.9637496e-01   8.1601505e-01  -4.0796889e-01
   8.9738148e-01   8.1545476e-01  -4.0781909e-01
   8.9838799e-01   8.1471220e-01  -4.0748662e-01
   8.9939451e-01   8.1355674e-01  -4.0674083e-01
   9.0040102e-01   8.1254806e-01  -4.0614141e-01
   9.0112119e-01   8.1219016e-01  -4.0607609e-01
   9.0184137e-01   8.1170450e-01  -4.0588280e-01
   9.0256154e-01   8.1101680e-01  -4.0548725e-01
   9.0328171e-01   8.1035507e-01  -4.0511747e-01
   9.0400188e-01   8.0987453e-01  -4.0492866e-01
   9.0472206e-01   8.0933635e-01  -4.0468201e-01
   9.0544223e-01   8.0870689e-01  -4.0434387e-01
   9.0616240e-01   8.0808942e-01  -4.0401751e-01
   9.0703854e-01   8.0747605e-01  -4.0375800e-01
   9.0791467e-01   8.0680193e-01  -4.0343743e-01
   9.0879080e-01   8.0600291e-01  -4.0299166e-01
   9.0966693e-01   8.0523881e-01  -4.0258049e-01
   9.1066009e-01   8.0468438e-01  -4.0242577e-01
   9.1165325e-01   8.0395984e-01  -4.0210054e-01
   9.1264640e-01   8.0285243e-01  -4.0139204e-01
   9.1363956e-01   8.0187842e-01  -4.0081655e-01
   9.1454258e-01   8.0164100e-01  -4.0094113e-01
   9.1544559e-01   8.0108190e-01  -4.0074370e-01
   9.1634861e-01   7.9984569e-01  -3.9986884e-01
   9.1725162e-01   7.9880788e-01  -3.9919206e-01
   9.1798139e-01   7.9860218e-01  -3.9927788e-01
   9.1871117e-01   7.9818177e-01  -3.9914877e-01
   9.1944094e-01   7.9741475e-01  -3.9867285e-01
   9.2017071e-01   7.9669604e-01  -3.9824502e-01
   9.2084819e-01   7.9630644e-01  -3.9812528e-01
   9.2152567e-01   7.9583677e-01  -3.9792527e-01
   9.2220316e-01   7.9525256e-01  -3.9761055e-01
   9.2288064e-01   7.9467653e-01  -3.9730382e-01
   9.2367186e-01   7.9412777e-01  -3.9706936e-01
   9.2446308e-01   7.9353108e-01  -3.9678670e-01
   9.2525430e-01   7.9284690e-01  -3.9641631e-01
   9.2604552e-01   7.9218113e-01  -3.9606408e-01
   9.2700633e-01   7.9156142e-01  -3.9582477e-01
   9.2796713e-01   7.9084566e-01  -3.9548906e-01
   9.2892793e-01   7.8991752e-01  -3.9494059e-01
   9.2988873e-01   7.8905990e-01  -3.9446228e-01
   9.3086681e-01   7.8868246e-01  -3.9447060e-01
   9.3184489e-01   7.8803296e-01  -3.9420648e-01
   9.3282297e-01   7.8677697e-01  -3.9333550e-01
   9.3380104e-01   7.8572658e-01  -3.9266974e-01
   9.3460849e-01   7.8557510e-01  -3.9283551e-01
   9.3541594e-01   7.8512668e-01  -3.9270407e-01
   9.3622339e-01   7.8412390e-01  -3.9201803e-01
   9.3703084e-01   7.8324285e-01  -3.9145346e-01
   9.3770724e-01   7.8295686e-01  -3.9143238e-01
   9.3838363e-01   7.8254074e-01  -3.9128099e-01
   9.3906003e-01   7.8193908e-01  -3.9094389e-01
   9.3973643e-01   7.8135011e-01  -3.9061930e-01
   9.4045163e-01   7.8088509e-01  -3.9043363e-01
   9.4116683e-01   7.8036793e-01  -3.9019562e-01
   9.4188202e-01   7.7976910e-01  -3.8987574e-01
   9.4259722e-01   7.7918051e-01  -3.8956590e-01
   9.4348101e-01   7.7857987e-01  -3.8930944e-01
   9.4436479e-01   7.7792247e-01  -3.8899593e-01
   9.4524857e-01   7.7714738e-01  -3.8856442e-01
   9.4613235e-01   7.7640587e-01  -3.8816617e-01
   9.4713887e-01   7.7587277e-01  -3.8802365e-01
   9.4814538e-01   7.7516626e-01  -3.8770731e-01
   9.4915189e-01   7.7406688e-01  -3.8699772e-01
   9.5015841e-01   7.7310716e-01  -3.8642740e-01
   9.5087858e-01   7.7276664e-01  -3.8636525e-01
   9.5159875e-01   7.7230455e-01  -3.8618134e-01
   9.5231893e-01   7.7165023e-01  -3.8580499e-01
   9.5303910e-01   7.7102062e-01  -3.8545316e-01
   9.5375927e-01   7.7056341e-01  -3.8527352e-01
   9.5447945e-01   7.7005135e-01  -3.8503884e-01
   9.5519962e-01   7.6945245e-01  -3.8471711e-01
   9.5591979e-01   7.6886495e-01  -3.8440659e-01
   9.5679592e-01   7.6828135e-01  -3.8415968e-01
   9.5767206e-01   7.6763995e-01  -3.8385467e-01
   9.5854819e-01   7.6687972e-01  -3.8343054e-01
   9.5942432e-01   7.6615270e-01  -3.8303933e-01
   9.6041748e-01   7.6562519e-01  -3.8289212e-01
   9.6141064e-01   7.6493581e-01  -3.8258267e-01
   9.6240379e-01   7.6388216e-01  -3.8190857e-01
   9.6339695e-01   7.6295543e-01  -3.8136100e-01
   9.6429996e-01   7.6272953e-01  -3.8147954e-01
   9.6520298e-01   7.6219757e-01  -3.8129170e-01
   9.6610600e-01   7.6102137e-01  -3.8045930e-01
   9.6700901e-01   7.6003393e-01  -3.7981537e-01
   9.6773878e-01   7.5983822e-01  -3.7989702e-01
   9.6846855e-01   7.5943821e-01  -3.7977418e-01
   9.6919833e-01   7.5870842e-01  -3.7932136e-01
   9.6992810e-01   7.5802460e-01  -3.7891430e-01
   9.7060558e-01   7.5765391e-01  -3.7880037e-01
   9.7128306e-01   7.5720704e-01  -3.7861007e-01
   9.7196054e-01   7.5665119e-01  -3.7831063e-01
   9.7263802e-01   7.5610311e-01  -3.7801879e-01
   9.7342925e-01   7.5558100e-01  -3.7779570e-01
   9.7422047e-01   7.5501327e-01  -3.7752676e-01
   9.7501169e-01   7.5436230e-01  -3.7717435e-01
   9.7580291e-01   7.5372884e-01  -3.7683922e-01
   9.7676371e-01   7.5313921e-01  -3.7661153e-01
   9.7772451e-01   7.5245820e-01  -3.7629211e-01
   9.7868532e-01   7.5157510e-01  -3.7577026e-01
   9.7964612e-01   7.5075912e-01  -3.7531518e-01
   9.8062420e-01   7.5039999e-01  -3.7532309e-01
   9.8160227e-01   7.4978202e-01  -3.7507179e-01
   9.8258035e-01   7.4858700e-01  -3.7424309e-01
   9.8355843e-01   7.4758759e-01  -3.7360964e-01
   9.8436588e-01   7.4744347e-01  -3.7376736e-01
   9.8517333e-01   7.4701681e-01  -3.7364231e-01
   9.8598078e-01   7.4606271e-01  -3.7298956e-01
   9.8678823e-01   7.4522443e-01  -3.7245240e-01
   9.8746462e-01   7.4495232e-01  -3.7243235e-01
   9.8814102e-01   7.4455639e-01  -3.7228830e-01
   9.8881742e-01   7.4398394e-01  -3.7196757e-01
   9.8949382e-01   7.4342356e-01  -3.7165873e-01
   9.9020901e-01   7.4298111e-01  -3.7148207e-01
   9.9092421e-01   7.4248905e-01  -3.7125561e-01
   9.9163941e-01   7.4191929e-01  -3.7095126e-01
   9.9235461e-01   7.4135927e-01  -3.7065646e-01
   9.9323839e-01   7.4078778e-01  -3.7041245e-01
   9.9412217e-01   7.4016230e-01  -3.7011416e-01
   9.9500596e-01   7.3942483e-01  -3.6970359e-01
   9.9588974e-01   7.3871931e-01  -3.6932468e-01
   9.9691730e-01   7.3822374e-01  -3.6920848e-01
   9.9794487e-01   7.3754226e-01  -3.6890600e-01
   9.9897243e-01   7.3643576e-01  -3.6817810e-01
   1.0000000e+00   7.3548491e-01  -3.6760547e-01
