   0.0000000e+00   1.0000000e+00   1.0000000e+00   1.0000000e+00   1.0000000e+00   1.0000000e+00   1.0000000e+00   1.0000000e+00   1.0000000e+00   1.0000000e+00   1.0000000e+00   1.0000000e+00   1.0000000e+00   1.0000000e+00   1.0000000e+00   1.0000000e+00   1.0000000e+00   1.0000000e+00   1.0000000e+00   1.0000000e+00   1.0000000e+00   1.0000000e+00   1.0000000e+00   1.0000000e+00   1.0000000e+00   1.0000000e+00
   1.0000000e-03   0.0000000e+00   1.0940511e+00   9.4828424e-01   1.0355072e+00   9.7235852e-01   1.0223793e+00   9.8112961e-01   1.0155210e+00   9.8764187e-01   1.0102591e+00   9.9280191e-01   1.0052144e+00   9.9800413e-01   9.9866230e-01   1.0034882e+00   9.9306328e-01   1.0103341e+00   9.8742617e-01   1.0157197e+00   9.8216626e-01   1.0203622e+00   9.7775744e-01   1.0235402e+00   9.7596606e-01   1.0234022e+00
   2.0000000e-03   0.0000000e+00   8.7729368e-01   1.0316061e+00   9.8847248e-01   9.9735211e-01   1.0113804e+00   9.8528102e-01   1.0199382e+00   9.7598105e-01   1.0257223e+00   9.7155768e-01   1.0296153e+00   9.6903808e-01   1.0312754e+00   9.6881904e-01   1.0296924e+00   9.7308712e-01   1.0248943e+00   9.8013090e-01   1.0163399e+00   9.9107522e-01   1.0001747e+00   1.0060025e+00   9.8322037e-01   1.0283025e+00
   3.0000000e-03   0.0000000e+00   4.8272019e-01   1.1865098e+00   8.8617887e-01   1.0815609e+00   9.3724035e-01   1.0518901e+00   9.5881957e-01   1.0314760e+00   9.7453313e-01   1.0163711e+00   9.8927837e-01   1.0013255e+00   1.0083074e+00   9.8558689e-01   1.0242652e+00   9.6612012e-01   1.0401877e+00   9.5105614e-01   1.0548313e+00   9.3834871e-01   1.0664927e+00   9.3012529e-01   1.0705387e+00   9.3214971e-01
   4.0000000e-03   0.0000000e+00   1.9380603e-01   1.1465142e+00   9.3447728e-01   1.0532864e+00   9.4776350e-01   1.0497163e+00   9.4651897e-01   1.0569380e+00   9.4228347e-01   1.0602808e+00   9.3894776e-01   1.0616804e+00   9.3946507e-01   1.0594323e+00   9.4490895e-01   1.0483944e+00   9.5619715e-01   1.0329810e+00   9.7443100e-01   1.0103638e+00   1.0072329e+00   9.8044969e-01   1.0407305e+00   9.3691012e-01
   5.0000000e-03   0.0000000e+00   6.0061756e-02   8.7312129e-01   1.1290878e+00   9.0352958e-01   1.0728546e+00   9.3908032e-01   1.0451199e+00   9.6931573e-01   1.0228383e+00   9.9097894e-01   1.0011115e+00   1.0131432e+00   9.7241413e-01   1.0364603e+00   9.4897756e-01   1.0649805e+00   9.2590537e-01   1.0863635e+00   9.0532644e-01   1.1035044e+00   8.9103653e-01   1.1129592e+00   8.8855133e-01   1.1044612e+00
   6.0000000e-03   0.0000000e+00   1.4963318e-02   5.3206298e-01   1.2524975e+00   8.3501534e-01   1.1290419e+00   8.9039444e-01   1.1019100e+00   9.0227345e-01   1.0943104e+00   9.0769084e-01   1.0906439e+00   9.1264769e-01   1.0820421e+00   9.2127988e-01   1.0694823e+00   9.4276563e-01   1.0493722e+00   9.6823273e-01   1.0200996e+00   1.0031585e+00   9.7065338e-01   1.0474824e+00   9.2205407e-01   1.1094501e+00
   7.0000000e-03   0.0000000e+00   3.0851606e-03   2.6688739e-01   1.1566838e+00   9.6588796e-01   1.0053680e+00   1.0083324e+00   9.9823038e-01   9.9157942e-01   1.0121354e+00   9.7405679e-01   1.0327840e+00   9.5158738e-01   1.0642981e+00   9.2626264e-01   1.0897326e+00   8.9535055e-01   1.1145026e+00   8.7324028e-01   1.1353651e+00   8.5743539e-01   1.1450054e+00   8.5258843e-01   1.1402343e+00   8.7428985e-01
   8.0000000e-03   0.0000000e+00   5.3777833e-04   1.1302306e-01   8.8433010e-01   1.1822371e+00   8.3467491e-01   1.1501863e+00   8.6564986e-01   1.1226096e+00   8.8325553e-01   1.1082864e+00   8.9566971e-01   1.0951081e+00   9.1608630e-01   1.0780736e+00   9.3736595e-01   1.0439697e+00   9.6727658e-01   1.0081744e+00   1.0075721e+00   9.6183742e-01   1.0715586e+00   9.0549063e-01   1.1317770e+00   8.3077268e-01
   9.0000000e-03   0.0000000e+00   8.0534155e-05   4.1238918e-02   5.7012694e-01   1.2862199e+00   8.1823886e-01   1.1223958e+00   9.0032535e-01   1.0919612e+00   9.1567290e-01   1.0902743e+00   9.0814279e-01   1.1032347e+00   8.8455707e-01   1.1227728e+00   8.6446706e-01   1.1468191e+00   8.4502475e-01   1.1626948e+00   8.3088535e-01   1.1702391e+00   8.3460424e-01   1.1637552e+00   8.5294134e-01   1.1216294e+00
   1.0000000e-02   0.0000000e+00   1.0490367e-05   1.3174090e-02   3.1627768e-01   1.1859088e+00   9.9223115e-01   9.3589231e-01   1.0800813e+00   9.1838305e-01   1.0867843e+00   9.2144703e-01   1.0777102e+00   9.3492504e-01   1.0498652e+00   9.5661722e-01   1.0229986e+00   1.0006288e+00   9.8590855e-01   1.0437101e+00   9.3772186e-01   1.0975426e+00   8.6516663e-01   1.1605829e+00   7.9974789e-01   1.2385455e+00
   1.1000000e-02   0.0000000e+00   1.2002348e-06   3.7321380e-03   1.5361458e-01   9.3171106e-01   1.2127834e+00   7.8363557e-01   1.1929218e+00   8.2462917e-01   1.1627752e+00   8.4173557e-01   1.1551958e+00   8.4184477e-01   1.1624952e+00   8.3338700e-01   1.1717808e+00   8.2483617e-01   1.1799149e+00   8.2113538e-01   1.1811313e+00   8.2782804e-01   1.1564114e+00   8.5122688e-01   1.1196285e+00   9.1889887e-01
   1.2000000e-02   0.0000000e+00   1.2155676e-07   9.4732940e-04   6.6250551e-02   6.3422915e-01   1.3103493e+00   8.2080579e-01   1.1008555e+00   9.4043237e-01   1.0269603e+00   9.7944328e-01   1.0095648e+00   9.8237196e-01   1.0304863e+00   9.6609085e-01   1.0545071e+00   9.2144058e-01   1.0918569e+00   8.7799087e-01   1.1410622e+00   8.2404351e-01   1.2116129e+00   7.6281672e-01   1.2728706e+00   6.9487152e-01
   1.3000000e-02   0.0000000e+00   1.0965847e-08   2.1728301e-04   2.5662517e-02   3.8023388e-01   1.2182957e+00   1.0242348e+00   8.8771663e-01   1.1441480e+00   8.3673383e-01   1.1652442e+00   8.2911215e-01   1.1698357e+00   8.3172014e-01   1.1725866e+00   8.3057986e-01   1.1637094e+00   8.3447118e-01   1.1539294e+00   8.4831882e-01   1.1309232e+00   8.9699546e-01   1.0887818e+00   9.5318880e-01   9.9571871e-01
   1.4000000e-02   0.0000000e+00   8.8562004e-10   4.5351130e-05   9.0117932e-03   2.0356014e-01   9.8310539e-01   1.2417239e+00   7.5301739e-01   1.2154375e+00   8.2018647e-01   1.1592401e+00   8.6099188e-01   1.1367132e+00   8.5870120e-01   1.1403118e+00   8.4486135e-01   1.1736851e+00   8.1509995e-01   1.2094341e+00   7.7339194e-01   1.2545375e+00   7.1829836e-01   1.3038656e+00   6.7183741e-01   1.3468187e+00
   1.5000000e-02   0.0000000e+00   6.4293259e-11   8.6648629e-06   2.8911672e-03   9.8417873e-02   6.9900292e-01   1.3292156e+00   8.1568078e-01   1.0758124e+00   1.0056482e+00   9.5659238e-01   1.0784166e+00   9.1163193e-01   1.0914404e+00   8.9622792e-01   1.0976214e+00   9.1309259e-01   1.0888138e+00   9.3072190e-01   1.0642027e+00   9.6605689e-01   9.9657754e-01   1.0230031e+00   9.2575291e-01   1.1334247e+00
   1.6000000e-02   0.0000000e+00   4.2093674e-12   1.5231339e-06   8.5288213e-04   4.3370955e-02   4.4414415e-01   1.2389424e+00   1.0297720e+00   8.5015529e-01   1.2040601e+00   7.8410722e-01   1.2199256e+00   7.8029703e-01   1.2218072e+00   7.7539830e-01   1.2326468e+00   7.5678057e-01   1.2539883e+00   7.3158178e-01   1.2833314e+00   7.0130825e-01   1.3115585e+00   6.7185882e-01   1.3348064e+00   6.6620017e-01
   1.7000000e-02   0.0000000e+00   2.4918662e-13   2.4740102e-07   2.3261386e-04   1.7553759e-02   2.5519674e-01   1.0157936e+00   1.2494102e+00   7.2975071e-01   1.2201244e+00   8.3198706e-01   1.1144277e+00   9.1327398e-01   1.0708666e+00   9.5256629e-01   1.0487024e+00   9.4277036e-01   1.0526609e+00   9.2629429e-01   1.0794083e+00   8.8716781e-01   1.1529359e+00   8.2451141e-01   1.2284090e+00   7.1273337e-01
   1.8000000e-02   0.0000000e+00   1.3364507e-14   3.7272236e-08   5.8931907e-05   6.5666553e-03   1.3388745e-01   7.4282411e-01   1.3451523e+00   8.0737882e-01   1.0370498e+00   1.0558890e+00   8.7275948e-01   1.1605832e+00   8.1820256e-01   1.2068163e+00   7.8267861e-01   1.2256076e+00   7.5734295e-01   1.2480997e+00   7.3628636e-01   1.2652524e+00   7.3781569e-01   1.2731495e+00   7.4002872e-01   1.2374916e+00
   1.9000000e-02   0.0000000e+00   6.5032966e-16   5.2253611e-09   1.3925081e-05   2.2827124e-03   6.4650048e-02   4.9062610e-01   1.2727913e+00   1.0267796e+00   8.0848009e-01   1.2423649e+00   7.4860568e-01   1.2419124e+00   7.6828166e-01   1.2157963e+00   7.8591841e-01   1.2190286e+00   7.8359012e-01   1.2337020e+00   7.5873137e-01   1.2705800e+00   6.9460994e-01   1.3293868e+00   6.2555064e-01   1.4227397e+00
   2.0000000e-02   0.0000000e+00   2.8739966e-17   6.8367120e-10   3.0797676e-06   7.4076986e-04   2.8921481e-02   2.9576278e-01   1.0691811e+00   1.2499969e+00   7.1038155e-01   1.2242997e+00   8.6719672e-01   1.0658160e+00   9.8414401e-01   9.6117564e-01   1.0636480e+00   9.2040881e-01   1.1091279e+00   8.8772125e-01   1.1324649e+00   8.7535067e-01   1.1097181e+00   8.8348124e-01   1.0871869e+00   9.5251156e-01
   2.1000000e-02   0.0000000e+00   1.1540655e-18   8.3692232e-11   6.3953933e-07   2.2530043e-04   1.2052913e-02   1.6412919e-01   8.0771492e-01   1.3573414e+00   8.0835720e-01   1.0187291e+00   1.1169424e+00   8.1232058e-01   1.2293891e+00   7.3806781e-01   1.2785042e+00   7.0692920e-01   1.3085628e+00   6.7498233e-01   1.3425971e+00   6.3499748e-01   1.3900059e+00   5.8303258e-01   1.4468504e+00   5.2353795e-01
   2.2000000e-02   0.0000000e+00   4.2110656e-20   9.6075296e-12   1.2503961e-07   6.4444961e-05   4.7013020e-03   8.4437817e-02   5.5514139e-01   1.3047687e+00   1.0348029e+00   7.8710382e-01   1.2765410e+00   7.2962704e-01   1.2437506e+00   7.9944907e-01   1.1726530e+00   8.4734834e-01   1.1197138e+00   8.8491833e-01   1.0936533e+00   8.9538296e-01   1.1244771e+00   8.7760001e-01   1.1595944e+00   7.9277837e-01
   2.3000000e-02   0.0000000e+00   1.3957378e-21   1.0363374e-12   2.3074424e-08   1.7389420e-05   1.7232409e-03   4.0507836e-02   3.5048246e-01   1.1212415e+00   1.2579283e+00   6.9345361e-01   1.2162647e+00   8.9262815e-01   1.0131049e+00   1.0800640e+00   8.6449635e-01   1.1775793e+00   7.7229284e-01   1.2541408e+00   7.0726756e-01   1.3126808e+00   6.6993624e-01   1.3638130e+00   6.2277599e-01   1.3860489e+00
   2.4000000e-02   0.0000000e+00   4.1985723e-23   1.0522866e-13   4.0278947e-09   4.4383461e-06   5.9565010e-04   1.8210841e-02   2.0486590e-01   8.7190105e-01   1.3682716e+00   7.9297807e-01   9.8795545e-01   1.1551490e+00   7.6144998e-01   1.2882186e+00   6.9400491e-01   1.3144727e+00   6.8699104e-01   1.3186234e+00   6.8507421e-01   1.3297901e+00   6.4803545e-01   1.3618532e+00   6.0082770e-01   1.4449932e+00
   2.5000000e-02   0.0000000e+00   1.1447576e-24   1.0074163e-14   6.6643114e-10   1.0740928e-06   1.9475154e-04   7.7042450e-03   1.1159148e-01   6.2023383e-01   1.3254860e+00   1.0192784e+00   7.5901862e-01   1.2999496e+00   7.1860269e-01   1.2183837e+00   8.4161973e-01   1.1039297e+00   9.6586011e-01   9.9608645e-01   1.0604409e+00   9.1720749e-01   1.0972917e+00   8.6283224e-01   1.1382493e+00   8.6955294e-01
   2.6000000e-02   0.0000000e+00   2.8238616e-26   9.1065132e-16   1.0469984e-10   2.4699298e-07   6.0393023e-05   3.0782673e-03   5.6949952e-02   4.0727229e-01   1.1548605e+00   1.2480115e+00   6.7878767e-01   1.2198195e+00   9.1668200e-01   9.4107706e-01   1.1538579e+00   7.7542925e-01   1.2915884e+00   6.6829405e-01   1.3735644e+00   5.9594632e-01   1.4350616e+00   5.2959558e-01   1.5062681e+00   4.5432612e-01
   2.7000000e-02   0.0000000e+00   6.2870416e-28   7.7826124e-17   1.5644516e-11   5.4074906e-08   1.7805368e-05   1.1652571e-03   2.7354524e-02   2.4869602e-01   9.1549580e-01   1.3737971e+00   7.8799138e-01   9.8054602e-01   1.1872042e+00   7.1032766e-01   1.3236459e+00   6.7236379e-01   1.3058532e+00   7.1289783e-01   1.2490101e+00   7.6540414e-01   1.2277921e+00   8.0247871e-01   1.2063013e+00   7.7420670e-01
   2.8000000e-02   0.0000000e+00   1.2594890e-29   6.2955407e-18   2.2266534e-12   1.1291265e-08   5.0015725e-06   4.1905667e-04   1.2414210e-02   1.4208638e-01   6.6711427e-01   1.3530953e+00   1.0172121e+00   7.4776379e-01   1.3202508e+00   7.2183699e-01   1.1958562e+00   8.9422494e-01   9.9705800e-01   1.0776320e+00   8.3286762e-01   1.2214279e+00   7.3173320e-01   1.3356680e+00   6.2665097e-01   1.4074067e+00
   2.9000000e-02   0.0000000e+00   2.2616715e-31   4.8253332e-19   3.0228096e-13   2.2522877e-09   1.3412014e-06   1.4352189e-04   5.3408607e-03   7.6337173e-02   4.5065927e-01   1.2036377e+00   1.2476993e+00   6.6350861e-01   1.2259760e+00   9.5793388e-01   8.9248952e-01   1.2206663e+00   6.8644677e-01   1.3650014e+00   5.9719108e-01   1.4271532e+00   5.5044170e-01   1.4614800e+00   5.1255360e-01   1.5204784e+00
   3.0000000e-02   0.0000000e+00   3.6232564e-33   3.5076266e-20   3.9190493e-14   4.2981200e-10   3.4393325e-07   4.6913930e-05   2.1845716e-03   3.8732210e-02   2.8419897e-01   9.7779468e-01   1.3798873e+00   7.6660999e-01   9.7852790e-01   1.2290942e+00   6.7664561e-01   1.3480443e+00   6.8004708e-01   1.2764785e+00   7.9765180e-01   1.1498343e+00   8.9713463e-01   1.0267751e+00   1.0082289e+00   9.6523679e-01
   3.1000000e-02   0.0000000e+00   5.1483308e-35   2.4202110e-21   4.8580559e-15   7.8576534e-11   8.4477180e-08   1.4664619e-05   8.5170966e-04   1.8626866e-02   1.6827188e-01   7.3259639e-01   1.3710854e+00   9.9268785e-01   7.4058372e-01   1.3383673e+00   7.1902100e-01   1.1704125e+00   9.7577421e-01   9.0947084e-01   1.2140610e+00   7.0356829e-01   1.3667363e+00   5.5380312e-01   1.5018790e+00   4.4395791e-01
   3.2000000e-02   0.0000000e+00   6.4414843e-37   1.5862418e-22   5.7639043e-16   1.3778647e-11   1.9903173e-08   4.3912647e-06   3.1722543e-04   8.5172419e-03   9.3991138e-02   5.1038888e-01   1.2353195e+00   1.2291809e+00   6.4905978e-01   1.2200301e+00   9.7596387e-01   8.4883017e-01   1.2948293e+00   6.2821736e-01   1.4141473e+00   5.7200183e-01   1.4303006e+00   5.9323141e-01   1.4003361e+00   6.0117642e-01
   3.3000000e-02   0.0000000e+00   7.0327097e-39   9.8820634e-24   6.5519202e-17   2.3201602e-12   4.5040503e-09   1.2616881e-06   1.1310211e-04   3.7130794e-03   4.9727149e-02   3.3286631e-01   1.0200974e+00   1.3780793e+00   7.4322206e-01   9.6169041e-01   1.2510595e+00   6.4791532e-01   1.3576447e+00   6.9366336e-01   1.2049024e+00   8.8565913e-01   1.0258093e+00   1.0928118e+00   8.2954109e-01   1.2410427e+00
   3.4000000e-02   0.0000000e+00   6.6234702e-41   5.8551725e-25   7.1418546e-18   3.7556780e-13   9.8020385e-10   3.4832965e-07   3.8671034e-05   1.5469851e-03   2.5004558e-02   2.0434718e-01   7.7940910e-01   1.3924186e+00   9.6453223e-01   7.2419860e-01   1.3553956e+00   7.1586427e-01   1.1220675e+00   1.0345130e+00   7.9968062e-01   1.3151251e+00   5.9297840e-01   1.4922011e+00   4.5017197e-01   1.6013014e+00
   3.5000000e-02   0.0000000e+00   5.3017044e-43   3.3011501e-26   7.4714991e-19   5.8498646e-14   2.0537866e-10   9.2530330e-08   1.2700573e-05   6.1727195e-04   1.1985226e-02   1.1862937e-01   5.5534562e-01   1.2790457e+00   1.2062810e+00   6.3602423e-01   1.2317870e+00   9.8957197e-01   7.9008941e-01   1.3441550e+00   5.8076806e-01   1.4354678e+00   5.7876878e-01   1.3642437e+00   6.8221949e-01   1.2703508e+00
   3.6000000e-02   0.0000000e+00   3.5360327e-45   1.7717968e-27   7.5075116e-20   8.7758367e-15   4.1474117e-11   2.3679112e-08   4.0126221e-06   2.3633506e-04   5.4902434e-03   6.5376192e-02   3.7139128e-01   1.0793224e+00   1.3715846e+00   7.3111955e-01   9.6887963e-01   1.2690823e+00   6.2014403e-01   1.3659918e+00   7.3657695e-01   1.1429520e+00   9.8483951e-01   8.5666400e-01   1.2590966e+00   6.3503114e-01
   3.7000000e-02   0.0000000e+00   1.9120193e-47   9.0562104e-29   7.2508445e-21   1.2690760e-15   8.0799109e-12   5.8442056e-09   1.2212070e-06   8.6972122e-05   2.4090008e-03   3.4314781e-02   2.3435409e-01   8.4448934e-01   1.4091805e+00   9.5191548e-01   7.2376234e-01   1.3720839e+00   7.2732472e-01   1.0962945e+00   1.1170060e+00   7.2189594e-01   1.4028648e+00   4.9715455e-01   1.5596488e+00   4.0199151e-01
   3.8000000e-02   0.0000000e+00   8.0525848e-50   4.4095733e-30   6.7355938e-22   1.7704744e-16   1.5199843e-12   1.3925762e-09   3.5846425e-07   3.0810608e-05   1.0145003e-03   1.7203201e-02   1.4015239e-01   6.1739404e-01   1.3189311e+00   1.1959421e+00   6.2318881e-01   1.2466543e+00   1.0215396e+00   7.5630750e-01   1.3965438e+00   5.5121783e-01   1.4391335e+00   6.3614506e-01   1.2815284e+00   8.1102093e-01
   3.9000000e-02   0.0000000e+00   2.4781093e-52   2.0458379e-31   6.0218190e-23   2.3846173e-17   2.7634008e-13   3.2067706e-10   1.0160018e-07   1.0521936e-05   4.1078436e-04   8.2580241e-03   7.9731002e-02   4.2442265e-01   1.1360913e+00   1.3692897e+00   7.0482411e-01   9.8047988e-01   1.2981650e+00   5.9833022e-01   1.3577981e+00   7.6571304e-01   1.0761953e+00   1.1218260e+00   7.2368144e-01   1.4143172e+00
   4.0000000e-02   0.0000000e+00   4.9565959e-55   9.0459062e-33   5.1843545e-24   3.1029760e-18   4.8592171e-14   7.1427443e-11   2.7835155e-08   3.4683294e-06   1.6018435e-04   3.8038539e-03   4.3283796e-02   2.7577716e-01   9.0888870e-01   1.4201031e+00   9.1805146e-01   7.2693687e-01   1.3865652e+00   7.2169059e-01   1.0474585e+00   1.1695695e+00   6.5162866e-01   1.4878397e+00   4.4216574e-01   1.5890560e+00
   4.1000000e-02   0.0000000e+00   4.8357033e-58   3.8123765e-34   4.3004099e-25   3.9034959e-19   8.2704671e-15   1.5402005e-11   7.3785024e-09   1.1047969e-06   6.0242315e-05   1.6845606e-03   2.2484186e-02   1.7010447e-01   6.8048752e-01   1.3447632e+00   1.1658233e+00   6.1211450e-01   1.2479417e+00   1.0269305e+00   7.0804511e-01   1.4320173e+00   5.3008398e-01   1.4088205e+00   6.9382743e-01   1.1767423e+00
   4.2000000e-02   0.0000000e+00   0.0000000e+00   1.5315617e-35   3.4386634e-26   4.7502036e-20   1.3634495e-15   3.2177131e-12   1.8941442e-09   3.4044722e-07   2.1879236e-05   7.1847075e-04   1.1202410e-02   9.9964627e-02   4.7978825e-01   1.1743712e+00   1.3547987e+00   6.7827244e-01   9.7507765e-01   1.3097944e+00   5.7868145e-01   1.3604307e+00   7.9611745e-01   9.7470362e-01   1.2232784e+00   6.0005583e-01
   4.3000000e-02   0.0000000e+00   0.0000000e+00   5.8651093e-37   2.6517661e-27   5.5950708e-21   2.1786087e-16   6.5177366e-13   4.7129850e-10   1.0159087e-07   7.6830804e-06   2.9556974e-04   5.3645304e-03   5.6142333e-02   3.2020206e-01   9.5430760e-01   1.4288156e+00   8.8209433e-01   7.1882798e-01   1.4031773e+00   7.3223096e-01   1.0269956e+00   1.2176699e+00   5.7085549e-01   1.5427720e+00   4.0997202e-01
   4.4000000e-02   0.0000000e+00   0.0000000e+00   2.1409395e-38   1.9730276e-28   6.3822054e-22   3.3761360e-17   1.2809369e-13   1.1375254e-10   2.9383116e-08   2.6115111e-06   1.1744748e-04   2.4736484e-03   3.0213504e-02   2.0313739e-01   7.2699716e-01   1.3775747e+00   1.1320447e+00   6.0098084e-01   1.2683820e+00   1.0519823e+00   6.8242361e-01   1.4636262e+00   5.2640734e-01   1.3845118e+00   7.6346812e-01
   4.5000000e-02   0.0000000e+00   0.0000000e+00   7.4486714e-40   1.4169568e-29   7.0539295e-23   5.0770946e-18   2.4441301e-14   2.6652024e-11   8.2442668e-09   8.6009076e-07   4.5134596e-05   1.1001302e-03   1.5616384e-02   1.2294098e-01   5.2238399e-01   1.2261667e+00   1.3355078e+00   6.6252975e-01   9.9433437e-01   1.3330132e+00   5.5928778e-01   1.3637268e+00   8.5640841e-01   9.0673740e-01   1.3192620e+00
   4.6000000e-02   0.0000000e+00   0.0000000e+00   2.4696440e-41   9.8257542e-31   7.5578316e-24   7.4131925e-19   4.5305876e-15   6.0660439e-12   2.2457675e-09   2.7472726e-07   1.6794192e-05   4.7259726e-04   7.7679756e-03   7.1196914e-02   3.5582567e-01   1.0166013e+00   1.4322782e+00   8.6261400e-01   7.2837196e-01   1.4172747e+00   7.2156608e-01   1.0104911e+00   1.2868783e+00   5.1718450e-01   1.5857571e+00
   4.7000000e-02   0.0000000e+00   0.0000000e+00   7.8015524e-43   6.5812634e-32   7.8535840e-25   1.0515189e-19   8.1634053e-16   1.3420585e-12   5.9437575e-10   8.5181213e-08   6.0569278e-06   1.9636259e-04   3.7252992e-03   3.9556193e-02   2.3071743e-01   7.9095272e-01   1.4055669e+00   1.1134042e+00   5.9326876e-01   1.2743545e+00   1.0494004e+00   6.6014849e-01   1.4948920e+00   5.1862345e-01   1.3544802e+00
   4.8000000e-02   0.0000000e+00   0.0000000e+00   2.3474875e-44   4.2591561e-33   7.9182816e-26   1.4496586e-20   1.4305863e-16   2.8879902e-13   1.5294859e-10   2.5658047e-08   2.1194011e-06   7.9008393e-05   1.7251778e-03   2.1131901e-02   1.4290056e-01   5.8102570e-01   1.2743993e+00   1.3243428e+00   6.3599464e-01   9.9538503e-01   1.3393698e+00   5.3989809e-01   1.3475318e+00   8.8636874e-01   8.4191167e-01
   4.9000000e-02   0.0000000e+00   0.0000000e+00   6.7260356e-46   2.6640029e-34   7.7493241e-27   1.9433685e-21   2.4395474e-17   6.0482708e-14   3.8291650e-11   7.5139893e-09   7.2016676e-07   3.0818773e-05   7.7258882e-04   1.0876619e-02   8.4797606e-02   4.0500058e-01   1.0771011e+00   1.4343279e+00   8.2356136e-01   7.2528786e-01   1.4340490e+00   7.0772626e-01   9.6911618e-01   1.3261489e+00   4.6929566e-01
   5.0000000e-02   0.0000000e+00   0.0000000e+00   1.8343377e-47   1.6108616e-35   7.3643486e-28   2.5344213e-22   4.0501563e-18   1.2334373e-14   9.3326746e-12   2.1408830e-09   2.3783483e-07   1.1666110e-05   3.3501704e-04   5.4030745e-03   4.8331845e-02   2.6898511e-01   8.5495747e-01   1.4233408e+00   1.0738083e+00   5.8423764e-01   1.2996161e+00   1.0426196e+00   6.2315240e-01   1.5205098e+00   5.1273993e-01
   5.1000000e-02   0.0000000e+00   0.0000000e+00   4.7595476e-49   9.4188911e-37   6.7983135e-29   3.2167738e-23   6.5494623e-19   2.4506407e-15   2.2156725e-12   5.9385401e-10   7.6397361e-08   4.2895484e-06   1.4083148e-04   2.5945200e-03   2.6518011e-02   1.7081181e-01   6.4124299e-01   1.3065079e+00   1.2971435e+00   6.1948577e-01   1.0215660e+00   1.3427701e+00   5.2389332e-01   1.3531424e+00   9.1343220e-01
   5.2000000e-02   0.0000000e+00   0.0000000e+00   1.1743297e-50   5.3266661e-38   6.0983809e-30   3.9751640e-24   1.0320595e-19   4.7460648e-16   5.1267520e-13   1.6047319e-10   2.3886758e-08   1.5333710e-06   5.7453012e-05   1.2060059e-03   1.4032822e-02   1.0401594e-01   4.5673482e-01   1.1191602e+00   1.4288432e+00   8.0113264e-01   7.4138442e-01   1.4502698e+00   7.1209959e-01   9.6000891e-01   1.3615446e+00
   5.3000000e-02   0.0000000e+00   0.0000000e+00   2.7535455e-52   2.9141524e-39   5.3176103e-31   4.7846335e-25   1.5854539e-20   8.9636114e-17   1.1567603e-13   4.2268529e-11   7.2745670e-09   5.3331209e-07   2.2768435e-05   5.4333323e-04   7.1744138e-03   6.0892995e-02   3.1021656e-01   9.0129085e-01   1.4427514e+00   1.0506825e+00   5.8110501e-01   1.3266726e+00   1.0575884e+00   6.0646751e-01   1.5452184e+00
   5.4000000e-02   0.0000000e+00   0.0000000e+00   6.1316592e-54   1.5425819e-40   4.5085983e-32   5.6112515e-26   2.3753521e-21   1.6516636e-17   2.5463844e-14   1.0858379e-11   2.1592600e-09   1.8060849e-07   8.7731210e-06   2.3752253e-04   3.5491516e-03   3.4345281e-02   2.0161670e-01   6.8653365e-01   1.3479329e+00   1.2804444e+00   5.9470881e-01   1.0511258e+00   1.3593540e+00   5.0399139e-01   1.3615562e+00
   5.5000000e-02   0.0000000e+00   0.0000000e+00   1.2957358e-55   7.9019254e-42   3.7180646e-33   6.4141497e-27   3.4721259e-22   2.9705301e-18   5.4712717e-15   2.7219134e-12   6.2504429e-10   5.9596388e-08   3.2895688e-06   1.0085993e-04   1.7011807e-03   1.8699379e-02   1.2575309e-01   4.9709200e-01   1.1756217e+00   1.4248370e+00   7.6060754e-01   7.6145562e-01   1.4647490e+00   6.9231983e-01   9.5512976e-01
   5.6000000e-02   0.0000000e+00   0.0000000e+00   2.5961953e-57   3.9176676e-43   2.9830676e-34   7.1487581e-28   4.9535433e-23   5.2167016e-19   1.1479699e-15   6.6613323e-13   1.7655083e-10   1.9173868e-08   1.2012261e-06   4.1641225e-05   7.9103772e-04   9.8441486e-03   7.5461972e-02   3.4353258e-01   9.6435427e-01   1.4546548e+00   1.0063532e+00   5.8156012e-01   1.3389489e+00   1.0432966e+00   5.9247244e-01
   5.7000000e-02   0.0000000e+00   0.0000000e+00   4.9275095e-59   1.8801191e-44   2.3291314e-35   7.7709031e-29   6.8998911e-24   8.9490216e-20   2.3530727e-16   1.5923198e-13   4.8687022e-11   6.0182890e-09   4.2748900e-07   1.6730222e-05   3.5723035e-04   5.0184480e-03   4.3661107e-02   2.2737361e-01   7.4857235e-01   1.3751672e+00   1.2457489e+00   5.7223762e-01   1.0609028e+00   1.3575490e+00   4.8371074e-01
   5.8000000e-02   0.0000000e+00   0.0000000e+00   8.8496651e-61   8.7347695e-46   1.7701796e-36   8.2412435e-30   9.3868585e-25   1.5001439e-20   4.7138843e-17   3.7194315e-14   1.3114745e-11   1.8439938e-09   1.4836520e-07   6.5464613e-06   1.5683565e-04   2.4807470e-03   2.4402767e-02   1.4454658e-01   5.5262682e-01   1.2144887e+00   1.4101973e+00   7.2041183e-01   7.6621191e-01   1.4799963e+00   6.6952127e-01
   5.9000000e-02   0.0000000e+00   0.0000000e+00   1.5021868e-62   3.9288309e-47   1.3098906e-37   8.5294189e-31   1.2476413e-25   2.4582230e-21   9.2327096e-18   8.4934673e-15   3.4523665e-12   5.5182849e-10   5.0248114e-08   2.4966959e-06   6.7002393e-05   1.1905325e-03   1.3197268e-02   8.8479715e-02   3.8960222e-01   1.0095256e+00   1.4647798e+00   9.6006092e-01   5.7757930e-01   1.3691119e+00   1.0249526e+00
   6.0000000e-02   0.0000000e+00   0.0000000e+00   2.4068568e-64   1.7110034e-48   9.4393759e-39   8.6172974e-32   1.6206319e-26   3.9390114e-22   1.7686688e-18   1.8968456e-15   8.8854796e-13   1.6137233e-10   1.6616699e-08   9.2871706e-07   2.7877669e-05   5.5529100e-04   6.9162643e-03   5.2260592e-02   2.6320489e-01   7.9466038e-01   1.4087306e+00   1.2070000e+00   5.5733123e-01   1.0963021e+00   1.3523592e+00
   6.1000000e-02   0.0000000e+00   0.0000000e+00   3.6347442e-66   7.2150008e-50   6.6257183e-40   8.5008403e-33   2.0579376e-27   6.1740649e-23   3.3150061e-19   4.1446281e-16   2.2368588e-13   4.6136461e-11   5.3684423e-09   3.3716616e-07   1.1305409e-05   2.5197251e-04   3.5170275e-03   2.9840635e-02   1.7088642e-01   5.9532428e-01   1.2656728e+00   1.3901195e+00   6.9609393e-01   7.9317206e-01   1.4936564e+00
   6.2000000e-02   0.0000000e+00   0.0000000e+00   5.1652526e-68   2.9460137e-51   4.5309553e-41   8.1903213e-34   2.5553829e-28   9.4690771e-24   6.0812009e-20   8.8635216e-17   5.5102041e-14   1.2901752e-11   1.6953437e-09   1.1953994e-07   4.4719579e-06   1.1133580e-04   1.7374540e-03   1.6498957e-02   1.0688960e-01   4.2620354e-01   1.0704035e+00   1.4690981e+00   9.3175675e-01   5.8435488e-01   1.3999006e+00
   6.3000000e-02   0.0000000e+00   0.0000000e+00   6.8947726e-70   1.1648057e-52   3.0192180e-42   7.7089056e-35   3.1036552e-29   1.4214306e-24   1.0922000e-20   1.8558702e-17   1.3287324e-14   3.5304581e-12   5.2358563e-10   4.1413290e-08   1.7265787e-06   4.7943485e-05   8.3474165e-04   8.8460814e-03   6.4551041e-02   2.9258778e-01   8.5744163e-01   1.4371537e+00   1.1823203e+00   5.3916774e-01   1.1343546e+00
   6.4000000e-02   0.0000000e+00   0.0000000e+00   8.6274844e-72   4.4595673e-54   1.9607537e-43   7.0898501e-36   3.6880566e-30   2.0890510e-25   1.9211333e-21   3.8058897e-18   3.1376867e-15   9.4573804e-13   1.5821265e-10   1.4026789e-08   6.5107046e-07   2.0136011e-05   3.9040728e-04   4.6052756e-03   3.7706571e-02   1.9316174e-01   6.5387217e-01   1.3131663e+00   1.3762680e+00   6.5704451e-01   8.2416654e-01
   6.5000000e-02   0.0000000e+00   0.0000000e+00   1.0097289e-73   1.6532756e-55   1.2412147e-44   6.3727876e-37   4.2888098e-31   3.0067462e-26   3.3104322e-22   7.6466759e-19   7.2583537e-16   2.4810690e-13   4.6796189e-11   4.6471773e-09   2.3992770e-07   8.2542482e-06   1.7790996e-04   2.3306556e-03   2.1339553e-02   1.2293542e-01   4.7667152e-01   1.1294187e+00   1.4706734e+00   8.8283978e-01   5.9555988e-01
   6.6000000e-02   0.0000000e+00   0.0000000e+00   1.1025070e-75   5.9346694e-57   7.6600759e-46   5.5996551e-38   4.8819716e-32   4.2391923e-27   5.5899495e-23   1.5056769e-19   1.6453968e-16   6.3767262e-14   1.3554331e-11   1.5067489e-09   8.6454043e-08   3.3046923e-06   7.9060022e-05   1.1478300e-03   1.1717522e-02   7.5586032e-02   3.3333719e-01   9.2015237e-01   1.4551350e+00   1.1373422e+00   5.2468026e-01
   6.7000000e-02   0.0000000e+00   0.0000000e+00   1.1198825e-77   2.0626453e-58   4.6093984e-47   4.8108297e-39   5.4409288e-33   5.8562286e-28   9.2522290e-24   2.9064492e-20   3.6563548e-17   1.6062124e-14   3.8460730e-12   4.7831068e-10   3.0476841e-08   1.2930149e-06   3.4286083e-05   5.5064520e-04   6.2507010e-03   4.4979336e-02   2.2425758e-01   7.1379612e-01   1.3451909e+00   1.3473388e+00   6.1987440e-01
   6.8000000e-02   0.0000000e+00   0.0000000e+00   1.0548018e-79   6.9406456e-60   2.7048241e-48   4.0419340e-40   5.9383583e-34   7.9287959e-29   1.5014639e-24   5.5016087e-21   7.9672129e-18   3.9664575e-15   1.0695322e-12   1.4872481e-10   1.0515946e-08   4.9470587e-07   1.4520734e-05   2.5753889e-04   3.2431533e-03   2.5947318e-02   1.4550608e-01   5.2946086e-01   1.1709397e+00   1.4650817e+00   8.3336112e-01
   6.9000000e-02   0.0000000e+00   0.0000000e+00   9.1785052e-82   2.2609215e-61   1.5480038e-49   3.3216129e-41   6.3484517e-35   1.0523315e-29   2.3895924e-25   1.0214849e-21   1.7028432e-18   9.6059256e-16   2.9158456e-13   4.5314579e-11   3.5532227e-09   1.8518158e-07   6.0096992e-06   1.1752794e-04   1.6383513e-03   1.4531163e-02   9.1244622e-02   3.7684189e-01   9.6588228e-01   1.4743061e+00   1.0893122e+00
   7.0000000e-02   0.0000000e+00   0.0000000e+00   7.3473987e-84   7.1291328e-63   8.6415950e-51   2.6703978e-42   6.6491530e-36   1.3694688e-30   3.7306071e-26   1.8608194e-22   3.5708988e-19   2.2821707e-16   7.7961415e-14   1.3534491e-11   1.1762057e-09   6.7854340e-08   2.4320625e-06   5.2370903e-05   8.0660499e-04   7.9102482e-03   5.5402046e-02   2.5812182e-01   7.5893645e-01   1.3855158e+00   1.3134209e+00
   7.1000000e-02   0.0000000e+00   0.0000000e+00   5.3842363e-86   2.1757102e-64   4.7059967e-52   2.1005997e-43   6.8241341e-37   1.7478351e-31   5.7145803e-27   3.3267250e-23   7.3491097e-20   5.3205897e-17   2.0449512e-14   3.9641999e-12   3.8160302e-10   2.4349808e-08   9.6294514e-07   2.2802831e-05   3.8735282e-04   4.1904291e-03   3.2624072e-02   1.7057358e-01   5.7045468e-01   1.2257022e+00   1.4535369e+00
   7.2000000e-02   0.0000000e+00   0.0000000e+00   3.5913131e-88   6.4256642e-66   2.5002785e-53   1.6170412e-44   6.8642634e-38   2.1882079e-32   8.5908682e-28   5.8381650e-24   1.4847770e-20   1.2175845e-17   5.2639476e-15   1.1390202e-12   1.2138913e-10   8.5614776e-09   3.7321975e-07   9.7076702e-06   1.8158959e-04   2.1624909e-03   1.8657968e-02   1.0898029e-01   4.1161910e-01   1.0274132e+00   1.4876587e+00
   7.3000000e-02   0.0000000e+00   0.0000000e+00   2.1656058e-90   1.8361958e-67   1.2961159e-54   1.2183619e-45   6.7683819e-39   2.6878465e-33   1.2677479e-28   1.0059701e-24   2.9455593e-21   2.7358118e-18   1.3301390e-15   3.2115549e-13   3.7874807e-11   2.9506900e-09   1.4167110e-07   4.0432211e-06   8.3163497e-05   1.0881406e-03   1.0376633e-02   6.7443087e-02   2.8595931e-01   8.2034597e-01   1.4210938e+00
   7.4000000e-02   0.0000000e+00   0.0000000e+00   1.1710645e-92   5.0760617e-69   6.5562283e-56   8.9861355e-47   6.5432983e-40   3.2399096e-34   1.8368082e-29   1.7023227e-25   5.7393262e-22   6.0372112e-19   3.3003913e-16   8.8888691e-14   1.1595223e-11   9.9723314e-10   5.2693384e-08   1.6484200e-06   3.7232935e-05   5.3434620e-04   5.6183599e-03   4.0493349e-02   1.9174674e-01   6.2664629e-01   1.2773742e+00
   7.5000000e-02   0.0000000e+00   0.0000000e+00   5.6230629e-95   1.3572380e-70   3.2363223e-57   6.4889172e-48   6.2030197e-41   3.8331495e-35   2.6134759e-30   2.8297114e-26   1.0986096e-22   1.3087616e-19   8.0433642e-17   2.4157842e-14   3.4842873e-12   3.3062496e-10   1.9212420e-08   6.5820704e-07   1.6306035e-05   2.5627634e-04   2.9646281e-03   2.3621505e-02   1.2436341e-01   4.5959321e-01   1.0876835e+00
   7.6000000e-02   0.0000000e+00   0.0000000e+00   2.3683113e-97   3.5092290e-72   1.5590721e-58   4.5880964e-49   5.7673337e-42   4.4519686e-36   3.6524371e-31   4.6214468e-27   2.0663992e-23   2.7878253e-20   1.9258840e-17   6.4487839e-15   1.0280076e-12   1.0757209e-10   6.8697612e-09   2.5752770e-07   6.9895786e-06   1.2013138e-04   1.5259619e-03   1.3404824e-02   7.8162727e-02   3.2459839e-01   8.8214628e-01
   7.7000000e-02   0.0000000e+00   0.0000000e+00  8.6141998e-100   8.7718263e-74   7.3303266e-60   3.1769444e-50   5.2599403e-43   5.0768963e-37   5.0146358e-32   7.4171704e-28   3.8200502e-24   5.8365246e-21   4.5316288e-18   1.6913282e-15   2.9789367e-13   3.4358968e-11   2.4099472e-09   9.8776169e-08   2.9340879e-06   5.5075298e-05   7.6683053e-04   7.4086432e-03   4.7681479e-02   2.2132773e-01   6.8447636e-01
   7.8000000e-02   0.0000000e+00   0.0000000e+00  2.6510662e-102   2.1192265e-75   3.3639213e-61   2.1545504e-51   4.7063714e-44   5.6854933e-38   6.7650122e-33   1.1700624e-28   6.9422487e-25   1.2012296e-21   1.0481364e-18   4.3593903e-16   8.4808252e-14   1.0777093e-11   8.2974296e-10   3.7156591e-08   1.2068063e-06   2.4710354e-05   3.7650943e-04   3.9919553e-03   2.8272237e-02   1.4600849e-01   5.0996532e-01
   7.9000000e-02   0.0000000e+00   0.0000000e+00  6.7126400e-105   4.9470934e-77   1.5067916e-62   1.4312792e-52   4.1319462e-45   6.2536418e-39   8.9690784e-34   1.8145687e-29   1.2404998e-25   2.4309521e-22   2.3835488e-19   1.1045469e-16   2.3727426e-14   3.3206418e-12   2.8048233e-10   1.3713656e-08   4.8657914e-07   1.0856088e-05   1.8075256e-04   2.0989676e-03   1.6314719e-02   9.3364531e-02   3.6593721e-01
   8.0000000e-02   0.0000000e+00   0.0000000e+00  1.3426870e-107   1.1155115e-78   6.5881219e-64   9.3145305e-54   3.5599783e-46   6.7571231e-40   1.1688320e-34   2.7670171e-30   2.1799416e-26   4.8383563e-23   5.3305595e-20   2.7517667e-17   6.5255567e-15   1.0053864e-12   9.3119675e-11   4.9679039e-09   1.9240553e-07   4.6727636e-06   8.4900996e-05   1.0778704e-03   9.1727340e-03   5.7963243e-02   2.5355279e-01
   8.1000000e-02   0.0000000e+00   0.0000000e+00  1.9893203e-110   2.4288687e-80   2.8117990e-65   5.9389880e-55   3.0103929e-47   7.1733387e-41   1.4974559e-35   4.1495614e-31   3.7681485e-27   9.4728272e-24   1.1726279e-20   6.7423669e-18   1.7646268e-15   2.9919931e-13   3.0373344e-11   1.7670780e-09   7.4647495e-08   1.9715109e-06   3.9041583e-05   5.4100924e-04   5.0299027e-03   3.4987358e-02   1.7001002e-01
   8.2000000e-02   0.0000000e+00   0.0000000e+00  1.9408742e-113   5.1048528e-82   1.1714698e-66   3.7104146e-56   2.4988427e-48   7.4830054e-42   1.8863573e-36   6.1209643e-32   6.4080638e-28   1.8247694e-24   2.5379272e-21   1.6251259e-18   4.6931668e-16   8.7543824e-14   9.7362947e-12   6.1738059e-10   2.8426393e-08   8.1574571e-07   1.7586371e-05   2.6560083e-04   2.6925394e-03   2.0559280e-02   1.1052042e-01
   8.3000000e-02   0.0000000e+00   0.0000000e+00  9.3536105e-117   1.0352438e-83   4.7644081e-68   2.2716028e-57   2.0363353e-49   7.6716439e-43   2.3368454e-37   8.8825540e-33   1.0723077e-28   3.4591264e-25   5.4052928e-22   3.8541832e-19   1.2278979e-16   2.5190890e-14   3.0681281e-12   2.1193840e-10   1.0629258e-08   3.3115685e-07   7.7640875e-06   1.2762220e-04   1.4082199e-03   1.1774291e-02   6.9772480e-02
   8.4000000e-02   0.0000000e+00   0.0000000e+00   0.0000000e+00   2.0248845e-85   1.8915665e-69   1.3629553e-58   1.6293223e-50   7.7307013e-44   2.8473320e-38   1.2683147e-33   1.7659623e-29   6.4540997e-26   1.1330969e-22   8.9958425e-20   3.1611342e-17   7.1305936e-15   9.5072539e-13   7.1509487e-11   3.9040559e-09   1.3195262e-07   3.3611371e-06   6.0056430e-05   7.2014161e-04   6.5786087e-03   4.2837549e-02
   8.5000000e-02   0.0000000e+00   0.0000000e+00   0.0000000e+00   3.8182156e-87   7.3311100e-71   8.0150690e-60   1.2801559e-51   7.6581864e-45   3.4128117e-39   1.7821980e-34   2.8627682e-30   1.1854791e-26   2.3383329e-23   2.0668343e-20   8.0095048e-18   1.9859979e-15   2.8977203e-13   2.3721742e-11   1.4089980e-09   5.1627309e-08   1.4274682e-06   2.7693313e-05   3.6033828e-04   3.5892664e-03   2.5610466e-02
   8.6000000e-02   0.0000000e+00   0.0000000e+00   0.0000000e+00   6.9376591e-89   2.7736452e-72   4.6200270e-61   9.8779269e-53   7.4587523e-46   4.0245257e-40   2.4648543e-35   4.5688276e-31   2.1439607e-27   4.7513625e-24   4.6753152e-21   1.9977656e-18   5.4438409e-16   8.6894184e-14   7.7389875e-12   4.9983659e-10   1.9841790e-08   5.9500649e-07   1.2519917e-05   1.7653475e-04   1.9138742e-03   1.4926452e-02
   8.7000000e-02   0.0000000e+00   0.0000000e+00   0.0000000e+00   1.2140371e-90   1.0243766e-73   2.6105168e-62   7.4862262e-54   7.1432273e-47   4.6698766e-41   3.3558111e-36   7.1796972e-32   3.8183688e-28   9.5078196e-25   1.0414580e-21   4.9062568e-19   1.4689412e-16   2.5642854e-14   2.4836855e-12   1.7434294e-10   7.4933548e-09   2.4351829e-07   5.5520479e-06   8.4730273e-05   9.9813540e-04   8.4895621e-03
   8.8000000e-02   0.0000000e+00   0.0000000e+00   0.0000000e+00   2.0449141e-92   3.6930682e-75   1.4460536e-63   5.5731363e-55   6.7276580e-48   5.3326469e-42   4.4981858e-37   1.1111103e-32   6.6980470e-29   1.8740044e-25   2.2849657e-22   1.1866169e-19   3.9027517e-17   7.4488233e-15   7.8433057e-13   5.9809266e-11   2.7817126e-09   9.7896155e-08   2.4161883e-06   3.9863762e-05   5.0949379e-04   4.7163294e-03
   8.9000000e-02   0.0000000e+00   0.0000000e+00   0.0000000e+00   3.3134618e-94   1.2996376e-76   7.8532152e-65   4.0758637e-56   6.2319780e-49   5.9935431e-43   5.9370649e-38   1.6936466e-33   1.1574356e-29   3.6388220e-26   4.9385952e-23   2.8268969e-20   1.0211668e-17   2.1303695e-15   2.4378231e-13   2.0185694e-11   1.0153787e-09   3.8670897e-08   1.0323399e-06   1.8393964e-05   2.5470810e-04   2.5613969e-03
   9.0000000e-02   0.0000000e+00   0.0000000e+00   0.0000000e+00   5.1614682e-96   4.4642615e-78   4.1816069e-66   2.9286329e-57   5.6784564e-50   6.6310579e-44   7.7172015e-39   2.5431157e-34   1.9705650e-30   6.9618219e-27   1.0516938e-23   6.6348391e-21   2.6319049e-18   6.0001851e-16   7.4595343e-14   6.7042160e-12   3.6454929e-10   1.5015487e-08   4.3321796e-07   8.3280068e-06   1.2478460e-04   1.3609291e-03
   9.1000000e-02   0.0000000e+00   0.0000000e+00   0.0000000e+00   7.7241158e-98   1.4967574e-79   2.1832178e-67   2.0676451e-58   5.0900884e-51   7.2226036e-45   9.8800454e-40   3.7622562e-35   3.3059406e-31   1.3125810e-27   2.2070451e-24   1.5344438e-21   6.6830839e-19   1.6645996e-16   2.2476545e-14   2.1917668e-12   1.2877261e-10   5.7329141e-09   1.7862802e-07   3.7014633e-06   5.9942512e-05   7.0792081e-04
   9.2000000e-02   0.0000000e+00   0.0000000e+00   0.0000000e+00   1.1096500e-99   4.8978611e-81   1.1177196e-68   1.4344708e-59   4.4890841e-52   7.7458372e-46   1.2460197e-40   5.4843994e-36   5.4660409e-32   2.4391450e-28   4.5650002e-25   3.4974245e-22   1.6722431e-19   4.5496705e-17   6.6704264e-15   7.0549025e-13   4.4766237e-11   2.1529278e-09   7.2395313e-08   1.6156908e-06   2.8248075e-05   3.6074751e-04
   9.3000000e-02   0.0000000e+00   0.0000000e+00   0.0000000e+00  1.5291080e-101   1.5641932e-82   5.6114171e-70   9.7802390e-61   3.8955862e-53   8.1800685e-47   1.5481464e-41   7.8789095e-37   8.9081111e-33   4.4680974e-29   9.3078105e-26   7.8577223e-23   4.1239891e-20   1.2253541e-17   1.9501953e-15   2.2363612e-13   1.5319804e-11   7.9548554e-10   2.8849574e-08   6.9290128e-07   1.3065770e-05   1.8020116e-04
   9.4000000e-02   0.0000000e+00   0.0000000e+00   0.0000000e+00  2.0194444e-103   4.8750103e-84   2.7627168e-71   6.5536795e-62   3.3267062e-54   8.5076267e-48   1.8952785e-42   1.1156186e-37   1.4311757e-33   8.0694609e-30   1.8711079e-26   1.7404754e-23   1.0025555e-20   3.2526567e-18   5.6181558e-16   6.9830764e-14   5.1622804e-12   2.8927271e-10   1.1307754e-08   2.9205990e-07   5.9341033e-06   8.8277742e-05
   9.5000000e-02   0.0000000e+00   0.0000000e+00   0.0000000e+00  2.5536714e-105   1.4826237e-85   1.3339601e-72   4.3165164e-63   2.7959224e-55   8.7150594e-49   2.2864369e-43   1.5571581e-38   2.2670073e-34   1.4370267e-30   3.7090281e-27   3.8012962e-24   2.4029626e-21   8.5112007e-19   1.5951039e-16   2.1483423e-14   1.7132709e-12   1.0355787e-10   4.3609016e-09   1.2104788e-07   2.6480202e-06   4.2451821e-05
   9.6000000e-02   0.0000000e+00   0.0000000e+00   0.0000000e+00  3.0888978e-107   4.3996922e-87   6.3169692e-74   2.7946483e-64   2.3128422e-56   8.7940496e-50   2.7184446e-44   2.1427437e-39   3.5409665e-35   2.5237315e-31   7.2509406e-28   8.1875581e-25   5.6794032e-22   2.1957920e-19   4.4641213e-17   6.5129938e-15   5.6009785e-13   3.6499715e-11   1.6546751e-09   4.9316412e-08   1.1600633e-06   2.0004189e-05
   9.7000000e-02   0.0000000e+00   0.0000000e+00   0.0000000e+00  3.5700856e-109   1.2738310e-88   2.9339268e-75   1.7786818e-65   1.8832895e-57   8.7419699e-51   3.1857102e-45   2.9072491e-40   5.4545538e-36   4.3716686e-32   1.3982405e-28   1.7395446e-25   1.3240561e-22   5.5875315e-20   1.2322307e-17   1.9474173e-15   1.8060291e-13   1.2691118e-11   6.1964002e-10   1.9845894e-08   5.0274550e-07   9.3502276e-06
   9.8000000e-02   0.0000000e+00   0.0000000e+00   0.0000000e+00  3.9380643e-111   3.5979744e-90   1.3365226e-76   1.1129392e-66   1.5095982e-58   8.5613004e-52   3.6795450e-46   3.8885866e-41   8.2832942e-37   7.4641873e-33   2.6566383e-29   3.6392413e-26   3.0366679e-23   1.3968879e-20   3.3357407e-18   5.6966137e-16   5.6789538e-14   4.2842290e-12   2.2394207e-10   7.6470498e-09   2.0633003e-07   4.0756956e-06
   9.9000000e-02   0.0000000e+00   0.0000000e+00   0.0000000e+00  4.1410184e-113   9.9202499e-92   5.9830664e-78   6.8715147e-68   1.1984975e-59   8.3364445e-53   4.2432665e-47   5.2181193e-42   1.2688000e-37   1.2936019e-33   5.1606668e-30   7.8473184e-27   7.2468520e-24   3.6737604e-21   9.6168986e-19   1.8006638e-16   1.9616860e-14   1.6204488e-12   9.2820040e-11   3.4720256e-09   1.0317004e-07   2.2550532e-06
   1.0000000e-01   0.0000000e+00   0.0000000e+00   0.0000000e+00   0.0000000e+00   0.0000000e+00   0.0000000e+00   0.0000000e+00   0.0000000e+00   0.0000000e+00   0.0000000e+00   0.0000000e+00   0.0000000e+00   0.0000000e+00   0.0000000e+00   0.0000000e+00   0.0000000e+00   0.0000000e+00   0.0000000e+00   0.0000000e+00   0.0000000e+00   0.0000000e+00   0.0000000e+00   0.0000000e+00   0.0000000e+00   0.0000000e+00
