0	1
0.00625	0.99375
0.0125	0.9875390625
0.01875	0.9813669434
0.025	0.9752334
0.03125	0.9691381912
0.0375	0.9630810775
0.04375	0.9570618208
0.05	0.9510801844
0.05625	0.9451359333
0.0625	0.9392288337
0.06875	0.9333586535
0.075	0.9275251619
0.08125	0.9217281296
0.0875	0.9159673288
0.09375	0.910242533
0.1	0.9045535172
0.10625	0.8989000577
0.1125	0.8932819323
0.11875	0.8876989202
0.125	0.882150802
0.13125	0.8766373595
0.1375	0.871158376
0.14375	0.8657136361
0.15	0.8603029259
0.15625	0.8549260326
0.1625	0.8495827449
0.16875	0.8442728528
0.175	0.8389961474
0.18125	0.8337524215
0.1875	0.8285414689
0.19375	0.8233630847
0.2	0.8182170654
0.20625	0.8131032088
0.2125	0.8080213137
0.21875	0.8029711805
0.225	0.7979526106
0.23125	0.7929654068
0.2375	0.788009373
0.24375	0.7830843144
0.25	0.7781900375
0.25625	0.7733263497
0.2625	0.76849306
0.26875	0.7636899784
0.275	0.758916916
0.28125	0.7541736853
0.2875	0.7494600998
0.29375	0.7447759742
0.3	0.7401211243
0.30625	0.7354953673
0.3125	0.7308985213
0.31875	0.7263304055
0.325	0.7217908405
0.33125	0.7172796477
0.3375	0.7127966499
0.34375	0.7083416709
0.35	0.7039145354
0.35625	0.6995150696
0.3625	0.6951431004
0.36875	0.690798456
0.375	0.6864809656
0.38125	0.6821904596
0.3875	0.6779267692
0.39375	0.6736897269
0.4	0.6694791661
0.40625	0.6652949214
0.4125	0.6611368281
0.41875	0.6570047229
0.425	0.6528984434
0.43125	0.6488178281
0.4375	0.6447627167
0.44375	0.6407329497
0.45	0.6367283688
0.45625	0.6327488165
0.4625	0.6287941364
0.46875	0.624864173
0.475	0.6209587719
0.48125	0.6170777796
0.4875	0.6132210435
0.49375	0.609388412
0.5	0.6055797344
0.50625	0.6017948611
0.5125	0.5980336432
0.51875	0.5942959329
0.525	0.5905815833
0.53125	0.5868904484
0.5375	0.5832223831
0.54375	0.5795772432
0.55	0.5759548855
0.55625	0.5723551674
0.5625	0.5687779476
0.56875	0.5652230855
0.575	0.5616904412
0.58125	0.5581798759
0.5875	0.5546912517
0.59375	0.5512244314
0.6	0.5477792787
0.60625	0.5443556582
0.6125	0.5409534353
0.61875	0.5375724764
0.625	0.5342126484
0.63125	0.5308738193
0.6375	0.527555858
0.64375	0.5242586338
0.65	0.5209820174
0.65625	0.5177258798
0.6625	0.514490093
0.66875	0.5112745299
0.675	0.5080790641
0.68125	0.50490357
0.6875	0.5017479227
0.69375	0.4986119981
0.7	0.4954956732
0.70625	0.4923988252
0.7125	0.4893213325
0.71875	0.4862630742
0.725	0.48322393
0.73125	0.4802037804
0.7375	0.4772025068
0.74375	0.4742199911
0.75	0.4712561162
0.75625	0.4683107655
0.7625	0.4653838232
0.76875	0.4624751743
0.775	0.4595847045
0.78125	0.4567123001
0.7875	0.4538578482
0.79375	0.4510212366
0.8	0.4482023539
0.80625	0.4454010892
0.8125	0.4426173324
0.81875	0.439850974
0.825	0.4371019055
0.83125	0.4343700186
0.8375	0.4316552059
0.84375	0.4289573609
0.85	0.4262763774
0.85625	0.42361215
0.8625	0.4209645741
0.86875	0.4183335455
0.875	0.4157189609
0.88125	0.4131207173
0.8875	0.4105387129
0.89375	0.4079728459
0.9	0.4054230156
0.90625	0.4028891218
0.9125	0.4003710648
0.91875	0.3978687456
0.925	0.3953820659
0.93125	0.392910928
0.9375	0.3904552347
0.94375	0.3880148895
0.95	0.3855897965
0.95625	0.3831798602
0.9625	0.3807849861
0.96875	0.3784050799
0.975	0.3760400482
0.98125	0.3736897979
0.9875	0.3713542367
0.99375	0.3690332727
1	0.3667268147
1.00625	0.3644347721
1.0125	0.3621570548
1.01875	0.3598935732
1.025	0.3576442384
1.03125	0.3554089619
1.0375	0.3531876559
1.04375	0.350980233
1.05	0.3487866066
1.05625	0.3466066903
1.0625	0.3444403985
1.06875	0.342287646
1.075	0.3401483482
1.08125	0.338022421
1.0875	0.3359097809
1.09375	0.3338103447
1.1	0.3317240301
1.10625	0.3296507549
1.1125	0.3275904377
1.11875	0.3255429975
1.125	0.3235083537
1.13125	0.3214864265
1.1375	0.3194771363
1.14375	0.3174804042
1.15	0.3154961517
1.15625	0.3135243008
1.1625	0.3115647739
1.16875	0.309617494
1.175	0.3076823847
1.18125	0.3057593698
1.1875	0.3038483737
1.19375	0.3019493214
1.2	0.3000621381
1.20625	0.2981867498
1.2125	0.2963230826
1.21875	0.2944710633
1.225	0.2926306192
1.23125	0.2908016778
1.2375	0.2889841673
1.24375	0.2871780163
1.25	0.2853831537
1.25625	0.283599509
1.2625	0.281827012
1.26875	0.2800655932
1.275	0.2783151833
1.28125	0.2765757134
1.2875	0.2748471152
1.29375	0.2731293207
1.3	0.2714222624
1.30625	0.2697258733
1.3125	0.2680400866
1.31875	0.266364836
1.325	0.2647000558
1.33125	0.2630456805
1.3375	0.261401645
1.34375	0.2597678847
1.35	0.2581443354
1.35625	0.2565309333
1.3625	0.254927615
1.36875	0.2533343174
1.375	0.2517509779
1.38125	0.2501775343
1.3875	0.2486139247
1.39375	0.2470600877
1.4	0.2455159621
1.40625	0.2439814874
1.4125	0.2424566031
1.41875	0.2409412493
1.425	0.2394353665
1.43125	0.2379388954
1.4375	0.2364517773
1.44375	0.2349739537
1.45	0.2335053665
1.45625	0.232045958
1.4625	0.2305956707
1.46875	0.2291544478
1.475	0.2277222325
1.48125	0.2262989686
1.4875	0.2248846
1.49375	0.2234790713
1.5	0.2220823271
1.50625	0.2206943125
1.5125	0.2193149731
1.51875	0.2179442545
1.525	0.2165821029
1.53125	0.2152284647
1.5375	0.2138832868
1.54375	0.2125465163
1.55	0.2112181006
1.55625	0.2098979874
1.5625	0.208586125
1.56875	0.2072824617
1.575	0.2059869464
1.58125	0.2046995279
1.5875	0.2034201559
1.59375	0.2021487799
1.6	0.20088535
1.60625	0.1996298166
1.6125	0.1983821302
1.61875	0.1971422419
1.625	0.1959101029
1.63125	0.1946856648
1.6375	0.1934688794
1.64375	0.1922596989
1.65	0.1910580758
1.65625	0.1898639628
1.6625	0.188677313
1.66875	0.1874980798
1.675	0.1863262168
1.68125	0.185161678
1.6875	0.1840044175
1.69375	0.1828543899
1.7	0.1817115499
1.70625	0.1805758527
1.7125	0.1794472537
1.71875	0.1783257083
1.725	0.1772111726
1.73125	0.1761036028
1.7375	0.1750029553
1.74375	0.1739091868
1.75	0.1728222544
1.75625	0.1717421153
1.7625	0.1706687271
1.76875	0.1696020476
1.775	0.1685420348
1.78125	0.167488647
1.7875	0.166441843
1.79375	0.1654015815
1.8	0.1643678216
1.80625	0.1633405227
1.8125	0.1623196444
1.81875	0.1613051467
1.825	0.1602969895
1.83125	0.1592951333
1.8375	0.1582995387
1.84375	0.1573101666
1.85	0.1563269781
1.85625	0.1553499345
1.8625	0.1543789974
1.86875	0.1534141286
1.875	0.1524552903
1.88125	0.1515024448
1.8875	0.1505555545
1.89375	0.1496145823
1.9	0.1486794911
1.90625	0.1477502443
1.9125	0.1468268053
1.91875	0.1459091378
1.925	0.1449972056
1.93125	0.1440909731
1.9375	0.1431904045
1.94375	0.1422954645
1.95	0.1414061178
1.95625	0.1405223296
1.9625	0.139644065
1.96875	0.1387712896
1.975	0.1379039691
1.98125	0.1370420693
1.9875	0.1361855563
1.99375	0.1353343966
2	0.1344885566

