0	1
0.00625	0.6875
0.0125	0.47265625
0.01875	0.3249511719
0.025	0.2234039307
0.03125	0.1535902023
0.0375	0.1055932641
0.04375	0.0725953691
0.05	0.0499093162
0.05625	0.0343126549
0.0625	0.0235899503
0.06875	0.0162180908
0.075	0.0111499374
0.08125	0.007665582
0.0875	0.0052700876
0.09375	0.0036231852
0.1	0.0024909398
0.10625	0.0017125211
0.1125	0.0011773583
0.11875	0.0008094338
0.125	0.0005564858
0.13125	0.000382584
0.1375	0.0002630265
0.14375	0.0001808307
0.15	0.0001243211
0.15625	8.54707593830483E-005
0.1625	5.87611470758457E-005
0.16875	4.03982886146439E-005
0.175	2.77738234225677E-005
0.18125	1.90945036030153E-005
0.1875	1.3127471227073E-005
0.19375	9.02513646861269E-006
0.2	6.20478132217123E-006
0.20625	4.26578715899272E-006
0.2125	2.93272867180749E-006
0.21875	2.01625096186765E-006
0.225	1.38617253628401E-006
0.23125	0.000000953
0.2375	6.55183112852989E-007
0.24375	4.5043839008643E-007
0.25	3.09676393184421E-007
0.25625	2.12902520314289E-007
0.2625	1.46370482716074E-007
0.26875	1.00629706867301E-007
0.275	6.91829234712693E-008
0.28125	4.75632598864976E-008
0.2875	3.26997411719671E-008
0.29375	2.24810720557274E-008
0.3	1.54557370383126E-008
0.30625	1.06258192138399E-008
0.3125	7.30525070951493E-009
0.31875	0.000000005
0.325	3.45287240566916E-009
0.33125	2.37384977889755E-009
0.3375	1.63202172299207E-009
0.34375	1.12201493455705E-009
0.35	7.71385267507969E-010
0.35625	5.30327371411729E-010
0.3625	3.64600067845563E-010
0.36875	2.50662546643825E-010
0.375	1.7233050081763E-010
0.38125	1.1847721931212E-010
0.3875	8.14530882770827E-011
0.39375	5.59989981904944E-011
0.4	3.84993112559649E-011
0.40625	2.64682764884759E-011
0.4125	1.81969400858272E-011
0.41875	1.25103963090062E-011
0.425	8.60089746244174E-012
0.43125	5.9131170054287E-012
0.4375	4.06526794123223E-012
0.44375	2.79487170959716E-012
0.45	1.92147430034805E-012
0.45625	1.32101358148928E-012
0.4625	9.08196837273881E-013
0.46875	6.24385325625793E-013
0.475	4.29264911367733E-013
0.48125	2.95119626565316E-013
0.4875	2.02894743263655E-013
0.49375	1.39490135993763E-013
0.5	9.58994684957119E-014
0.50625	6.59308845908019E-014
0.5125	4.53274831561763E-014
0.51875	3.11626446698712E-014
0.525	2.14243182105365E-014
0.53125	1.47292187697438E-014
0.5375	1.01263379041989E-014
0.54375	6.96185730913673E-015
0.55	4.7862769000315E-015
0.55625	3.29056536877165E-015
0.5625	2.26226369103051E-015
0.56875	1.55530628758348E-015
0.575	1.06927307271364E-015
0.58125	7.35125237490628E-016
0.5875	5.05398600774807E-016
0.59375	3.4746153803268E-016
0.6	2.38879807397467E-016
0.60625	1.64229867585759E-016
0.6125	1.12908033965209E-016
0.61875	7.76242733510813E-017
0.625	5.33666879288684E-017
0.63125	3.6689597951097E-017
0.6375	2.52240985913792E-017
0.64375	1.73415677815732E-017
0.65	1.19223278498316E-017
0.65625	8.1966003967592E-018
0.6625	5.63516277277195E-018
0.66875	3.87417440628072E-018
0.675	2.66349490431799E-018
0.68125	1.83115274671862E-018
0.6875	1.25891751336905E-018
0.69375	8.65505790441222E-019
0.7	5.9503523092834E-019
0.70625	4.09086721263234E-019
0.7125	2.81247120868473E-019
0.71875	1.93357395597075E-019
0.725	1.32933209472989E-019
0.73125	9.13915815126802E-020
0.7375	6.28317122899676E-020
0.74375	4.31968021993527E-020
0.75	2.9697801512055E-020
0.75625	2.04172385395378E-020
0.7625	1.40368514959322E-020
0.76875	9.65033540345342E-021
0.775	6.63460558987423E-021
0.78125	4.56129134303853E-021
0.7875	3.13588779833899E-021
0.79375	2.15592286135806E-021
0.8	1.48219696718366E-021
0.80625	1.01901041493877E-021
0.8125	7.00569660270403E-022
0.81875	4.81641641435902E-022
0.825	3.31128628487183E-022
0.83125	2.27650932084938E-022
0.8375	1.56510015808395E-022
0.84375	1.07600635868272E-022
0.85	7.39754371594367E-023
0.85625	5.08581130471127E-023
0.8625	3.496495271989E-023
0.86875	2.40384049949244E-023
0.875	1.65264034340105E-023
0.88125	1.13619023608822E-023
0.8875	7.81130787310653E-024
0.89375	5.37027416276074E-024
0.9	3.69206348689801E-024
0.90625	2.53829364724238E-024
0.9125	1.74507688247914E-024
0.91875	1.19974035670441E-024
0.925	8.24821495234279E-025
0.93125	5.67064777973567E-025
0.9375	3.89857034856827E-025
0.94375	2.68026711464069E-025
0.95	1.84268364131547E-025
0.95625	1.26684500340439E-025
0.9625	8.70955939840516E-026
0.96875	5.98782208640354E-026
0.975	4.11662768440244E-026
0.98125	2.83018153302668E-026
0.9875	1.94574980395584E-026
0.99375	1.33770299021964E-026
1	9.19670805776002E-027
1.00625	6.32273678971001E-027
1.0125	4.34688154292563E-027
1.01875	2.98848106076137E-027
1.025	2.05458072927344E-027
1.03125	1.41252425137549E-027
1.0375	9.71110422820651E-028
1.04375	6.67638415689198E-028
1.05	4.59001410786323E-028
1.05625	3.15563469915597E-028
1.0625	2.16949885566973E-028
1.06875	1.49153046327294E-028
1.075	1.02542719350015E-028
1.08125	7.04981195531351E-029
1.0875	4.84674571927804E-029
1.09375	3.33213768200365E-029
1.1	2.29084465637751E-029
1.10625	1.57495570125954E-029
1.1125	1.08278204461593E-029
1.11875	7.44412655673453E-030
1.125	5.11783700775499E-030
1.13125	3.51851294283156E-030
1.1375	2.41897764819669E-030
1.14375	1.66304713313523E-030
1.15	1.14334490403047E-030
1.15625	7.86049621520947E-031
1.1625	5.40409114795651E-031
1.16875	3.7153126642201E-031
1.175	2.55427745665132E-031
1.18125	1.75606575144778E-031
1.1875	1.20729520412035E-031
1.19375	8.30015452832741E-032
1.2	5.7063562382251E-032
1.20625	3.92311991377975E-032
1.2125	2.69714494072358E-032
1.21875	1.85428714674746E-032
1.225	1.27482241338888E-032
1.23125	8.76440409204855E-033
1.2375	6.02552781328338E-033
1.24375	4.14255037163232E-033
1.25	2.84800338049722E-033
1.25625	1.95800232409184E-033
1.2625	1.34612659781314E-033
1.26875	9.25462035996533E-034
1.275	6.36255149747617E-034
1.28125	4.37425415451486E-034
1.2875	3.00729973122897E-034
1.29375	2.06751856521992E-034
1.3	1.42141901358869E-034
1.30625	9.77225571842226E-035
1.3125	6.7184258064153E-035
1.31875	4.61891774191052E-035
1.325	3.17550594756348E-035
1.33125	2.18316033894989E-035
1.3375	1.50092273302805E-035
1.34375	1.03188437895679E-035
1.35	7.0942051053279E-036
1.35625	4.87726600991293E-036
1.3625	3.35312038181514E-036
1.36875	2.30527026249791E-036
1.375	1.58487330546731E-036
1.38125	1.08960039750878E-036
1.3875	7.49100273287284E-037
1.39375	5.15006437885008E-037
1.4	3.54066926045943E-037
1.40625	2.43421011656586E-037
1.4125	1.67351945513903E-037
1.41875	1.15054462540808E-037
1.425	7.90999429968055E-038
1.43125	5.43812108103038E-038
1.4375	3.73870824320839E-038
1.44375	2.57036191720577E-038
1.45	1.76712381807896E-038
1.45625	1.21489762492929E-038
1.4625	8.35242117138886E-039
1.46875	5.74228955532984E-039
1.475	3.94782406928926E-039
1.48125	2.71412904763637E-039
1.4875	1.86596372025E-039
1.49375	1.28285005767188E-039
1.5	8.81959414649416E-040
1.50625	6.06347097571473E-040
1.5125	4.16863629580388E-040
1.51875	2.86593745336517E-040
1.525	1.97033199918855E-040
1.53125	1.35460324944213E-040
1.5375	9.31289733991464E-041
1.54375	6.40261692119132E-041
1.55	4.40179913331903E-041
1.55625	3.02623690415683E-041
1.5625	2.08053787160782E-041
1.56875	1.43036978673038E-041
1.575	9.83379228377135E-042
1.58125	6.7607321950928E-042
1.5875	4.6480033841263E-042
1.59375	3.19550232658683E-042
1.6	2.19690784952845E-042
1.60625	1.51037414655081E-042
1.6125	1.03838222575368E-042
1.61875	7.13887780205655E-043
1.625	4.90797848891388E-043
1.63125	3.37423521112829E-043
1.6375	2.3197867076507E-043
1.64375	1.59485336150986E-043
1.65	1.09646168603803E-043
1.65625	7.53817409151143E-044
1.6625	5.18249468791411E-044
1.66875	3.56296509794095E-044
1.675	2.4495385048344E-044
1.68125	1.68405772207365E-044
1.6875	1.15778968392563E-044
1.69375	7.95980407698874E-045
1.7	5.47236530292976E-045
1.70625	3.76225114576421E-045
1.7125	2.58654766271289E-045
1.71875	1.77825151811511E-045
1.725	1.22254791870414E-045
1.73125	8.40501694109097E-046
1.7375	5.77844914700004E-046
1.74375	3.97268378856253E-046
1.75	2.73122010463674E-046
1.75625	1.87771382193776E-046
1.7625	1.29092825258221E-046
1.76875	8.87513173650268E-047
1.775	6.10165306884559E-047
1.78125	4.19488648483135E-047
1.7875	2.88398445832155E-047
1.79375	1.98273931509607E-047
1.8	1.36313327912854E-047
1.80625	9.37154129400875E-048
1.8125	6.44293463963101E-048
1.81875	4.42951756474632E-048
1.825	3.04529332576309E-048
1.83125	2.09363916146213E-048
1.8375	1.43937692350521E-048
1.84375	9.89571634909834E-049
1.85	6.80330499000511E-049
1.85625	4.67727218062851E-049
1.8625	3.2156246241821E-049
1.86875	2.21074192912519E-049
1.875	1.51988507627357E-049
1.88125	1.04492098993808E-049
1.8875	7.1838318058243E-050
1.89375	4.93888436650421E-050
1.9	3.39548300197164E-050
1.90625	2.3343945638555E-050
1.9125	1.60489626265066E-050
1.91875	1.10336618057233E-050
1.925	7.58564249143475E-051
1.93125	5.21512921286139E-051
1.9375	3.58540133384221E-051
1.94375	2.46496341701652E-051
1.95	1.69466234919886E-051
1.95625	1.16508036507421E-051
1.9625	8.00992750988522E-052
1.96875	5.50682516304609E-052
1.975	3.78594229959418E-052
1.98125	2.602835330971E-052
1.9875	1.78944929004256E-052
1.99375	1.23024638690426E-052
2	8.4579439099668E-053

